	log(Horvath)_full	log(Horvath)_shrunk	Horvath_full	Horvath_shrunk	Real_age
GSM2729899	-0.69656524	-0.383485499	9.464171646	13.31112117	8.52
GSM2729900	-1.148456494	-0.666876893	5.65964343	9.779493127	5.13
GSM2729901	-0.582317266	-0.109192386	10.73065114	17.82771623	12.4
GSM2729902	-0.864605655	-0.339750543	7.845570123	13.95090591	5.62
GSM2729903	-0.555131554	-0.157643491	11.05393164	16.93723907	11.59
GSM2729904	-1.002840162	-0.538968744	6.703557812	11.25034003	5.64
GSM2729905	-0.612671793	-0.309923045	10.3799228	14.40357141	10.61
GSM2729906	-1.099183349	-0.638649613	5.996003719	10.08810403	5.72
GSM2729907	-0.191152137	0.242283999	16.34614515	26.08796397	11.85
GSM2729908	-0.362264844	0.02132234	13.6180577	21.44776913	10.26
GSM2729909	-0.852690904	-0.424757467	7.951593251	12.73249567	7.52
GSM2729910	-1.228026008	-0.862915502	5.150272743	7.860533132	5.18
GSM2729911	-1.081641196	-0.743147258	6.119811441	8.987908179	7.03
GSM2729912	-1.393451169	-1.059799848	4.212560891	6.277028381	5.5
GSM2729913	-0.657034654	-0.282897736	9.886111295	14.82553384	7.58
GSM2729914	-0.95145536	-0.401753654	7.109750293	13.0520569	5.72
GSM2729915	-0.274083645	0.013778231	14.96563808	21.28934285	11.53
GSM2729916	-1.052824029	-0.730687213	6.327969086	9.11313652	5.11
GSM2729917	-0.588682781	-0.201147118	10.65621667	16.17363433	9.7
GSM2729918	-1.138007246	-0.812492047	5.729596533	8.31876762	6.74
GSM2729919	-0.080585853	0.289031861	18.37408958	27.06966908	14.44
GSM2729920	-0.984185462	-0.640624987	6.848614157	10.0662225	4.96
GSM2729921	-0.850705782	-0.458921973	7.969380909	12.27125562	6.71
GSM2729922	-1.204812638	-0.792692066	5.294711271	8.505117826	4.42
GSM2729923	-1.018174643	-0.566668175	6.586328868	10.91566907	4.6
GSM2729924	-0.957505104	-0.621506922	7.060836489	10.27982256	6.56
GSM2729925	-0.445786893	-0.155216684	12.4467245	16.98082215	9.41
GSM2729926	-0.875985639	-0.504536106	7.745478278	11.67949766	6.35
GSM2729927	-0.698978537	-0.403075888	9.438948935	13.03348907	6.87
GSM2729928	-1.298079296	-0.924398503	4.734170731	7.332170067	4.1
GSM2729929	-0.945629351	-0.500597889	7.15713567	11.72953073	8.56
GSM2729930	-1.272869479	-0.886464466	4.880565662	7.654314405	4.91
GSM2729931	-0.658826725	-0.307164307	9.866620079	14.44612451	9.88
GSM2729932	-1.043614792	-0.702865798	6.395765787	9.398448787	5.4
GSM2729933	-0.657446869	-0.418213468	9.8816248	12.82265579	9.93
GSM2729934	-0.746195904	-0.438948406	8.957504956	12.53899488	7.09
GSM2819484	0.122917785	0.36440357	23.58127348	28.65247497	22.5
GSM2819485	0.385678824	0.442163163	29.09925529	30.28542642	22.5
GSM2819486	0.033527741	0.292805207	21.70408256	27.14890936	21.5
GSM2819487	-0.044580068	0.421011678	19.08437942	29.84124524	19.5
GSM2819488	0.175455678	0.509139444	24.68456924	31.69192832	21.5
GSM2819489	-0.176301061	0.205546196	16.60567648	25.31647012	19.5
GSM2819490	-0.113434672	0.216618406	17.74801286	25.54898653	20.5
GSM2819491	0.160240261	0.541122886	24.36504548	32.3635806	21.5
GSM2819492	-0.166222032	0.174586512	16.78402186	24.66631674	22.5
GSM2819493	0.208451064	0.530785861	25.37747235	32.14650308	21.5
GSM2819494	0.086683661	0.265894618	22.82035689	26.58378697	22.5
GSM2819495	0.089867374	0.445558595	22.88721486	30.35673049	23.5
GSM2819496	0.312419336	0.638622859	27.56080605	34.41108005	21.5
GSM2819497	-0.259221995	0.026969752	15.20468573	21.56636478	19.5
GSM2819498	-0.037608019	0.146760338	19.22489799	24.0819671	21.5
GSM2819499	0.067256504	0.399785137	22.41238659	29.39548789	20.5
GSM2819500	-0.260038182	0.069338503	15.19146506	22.45610857	23.5
GSM2819501	0.124103125	0.360809835	23.60616562	28.57700654	19.5
GSM2819502	-0.21249787	0.040485246	15.9798028	21.85019017	19.5
GSM2819503	0.281194181	0.610705687	26.9050778	33.82481942	22.5
GSM2819504	0.125550746	0.479185286	23.63656566	31.062891	22.5
GSM2819505	-0.107183807	0.151687446	17.86557118	24.18543636	21.5
GSM2819506	0.112179336	0.523065709	23.35576606	31.98437989	19.5
GSM2819507	-0.122464321	0.257181754	17.57948688	26.40081683	19.5
GSM2819508	-0.036938175	0.236762415	19.23845006	25.97201071	20.5
GSM2819509	0.184751983	0.55796997	24.87979164	32.71736937	21.5
GSM2819510	-0.06497629	0.280179463	18.67888331	26.88376873	22.5
GSM2819511	0.098704166	0.323362935	23.07278748	27.79062164	21.5
GSM2819512	0.482509906	0.589617782	31.13270803	33.38197342	22.5
GSM2819513	0.14633758	0.428597962	24.07308918	30.0005572	23.5
GSM2819514	0.329817717	0.724646349	27.92617206	36.21757334	21.5
GSM2819515	-0.155493431	0.037356462	16.9758467	21.78448569	19.5
GSM2819516	0.19674715	0.306515656	25.13169015	27.43682878	21.5
GSM2819517	0.13320946	0.375708869	23.79739865	28.88988625	20.5
GSM2819518	0.196017631	0.497764498	25.11637026	31.45305445	23.5
GSM2819519	0.510635797	0.741266603	31.72335173	36.56659867	19.5
GSM2819520	-0.038432704	0.130654907	19.20822569	23.74375304	19.5
GSM2819521	0.126624807	0.510077328	23.65912095	31.71162388	21.5
GSM2819522	-0.12029183	0.331355496	17.61989454	27.95846541	19.5
GSM2819523	0.076279003	0.357503189	22.60185907	28.50756698	20.5
GSM2819524	0.156852697	0.537329181	24.29390664	32.28391279	21.5
GSM2819525	0.011597702	0.423854348	21.24355174	29.90094131	22.5
GSM2819526	0.118689431	0.331468651	23.49247805	27.96084168	21.5
GSM2819527	0.369689607	0.507156454	28.76348175	31.65028554	22.5
GSM2819528	0.193344815	0.499826663	25.06024112	31.49635992	23.5
GSM2819529	0.454336614	0.753307939	30.54106889	36.81946673	21.5
GSM2819530	-0.186239608	0.181878814	16.43156825	24.8194551	19.5
GSM2819531	0.345764628	0.515653292	28.26105718	31.82871914	20.5
GSM2819532	0.072978521	0.46780468	22.53254893	30.82389829	23.5
GSM2819533	0.533412457	0.738683689	32.2016616	36.51235746	19.5
GSM2819534	-0.30107509	0.052855873	14.54046625	22.10997334	19.5
GSM2819535	0.333615992	0.602368507	28.00593584	33.64973865	22.5
GSM2819536	0.112534849	0.465874492	23.36323183	30.78336433	22.5
GSM2819537	-0.04521081	0.205379158	19.07171536	25.31296232	21.5
GSM2819538	-0.119881405	0.180462265	17.62753817	24.78970756	19.5
GSM2819539	0.252992257	0.629529874	26.3128374	34.22012735	21.5
GSM2819540	-0.077126607	0.290331657	18.44122538	27.09696479	19.5
GSM2819541	0.08106945	0.41380479	22.70245846	29.68990059	20.5
GSM2819542	0.250224869	0.680070302	26.25472224	35.28147635	21.5
GSM2819543	0.130201022	0.4202642	23.73422146	29.82554821	22.5
GSM2819544	0.186381987	0.369628775	24.91402173	28.76220427	21.5
GSM2819545	0.358884898	0.616869257	28.53658286	33.9542544	22.5
GSM2819546	0.313932893	0.678568692	27.59259075	35.24994253	23.5
GSM2819547	0.384175114	0.731865166	29.06767739	36.36916849	21.5
GSM2819548	-0.134896002	0.022740473	17.3499424	21.47754993	19.5
GSM2819549	0.098252437	0.312546835	23.06330118	27.56348352	20.5
GSM2819550	0.000621204	0.405873477	21.01304529	29.52334301	23.5
GSM2819551	0.178009284	0.47907121	24.73819496	31.0604954	19.5
GSM2819552	-0.232156445	0.056393651	15.64926369	22.18426667	19.5
GSM2819553	0.206965815	0.677753961	25.34628212	35.23283319	22.5
GSM2819554	0.23178941	0.613857139	25.86757762	33.89099991	22.5
GSM2819555	-0.055081041	0.185879368	18.87457739	24.90346672	21.5
GSM2819556	0.375008376	0.762613485	28.87517589	37.01488319	19.5
GSM2819557	0.170423787	0.497169485	24.57889953	31.44055919	21.5
GSM2819558	-0.174739954	0.232278324	16.63318229	25.87784481	19.5
GSM2819559	-0.013283485	0.273532293	19.72289136	26.74417815	20.5
GSM2819560	0.218173805	0.662108514	25.58164991	34.90427879	21.5
GSM2819561	0.064405465	0.43636181	22.35251477	30.16359802	22.5
GSM2819562	0.136445924	0.345892977	23.86536441	28.26375251	21.5
GSM2819563	0.228146112	0.388900283	25.79106836	29.16690595	22.5
GSM2819564	0.156746181	0.57648198	24.2916698	33.10612158	23.5
GSM2819571	0.399044959	0.722866416	29.37994413	36.18019474	21.5
GSM2819572	-0.085309179	0.191535686	18.28279521	25.02224941	19.5
GSM2819573	0.0590537	0.378733656	22.24012769	28.95340677	21.5
GSM2819574	0.287917792	0.476381128	27.04627364	31.00400369	20.5
GSM2819575	0.137321674	0.516950321	23.88375516	31.85595673	23.5
GSM2819576	0.279522442	0.634774337	26.86997128	34.33026107	19.5
GSM2819577	-0.390089795	0.014894011	13.2169177	21.31277424	19.5
GSM2819578	-0.361044442	-0.051504748	13.6359085	18.94578194	19.5
GSM2819579	-0.361020589	-0.038182257	13.63625762	19.2132874	20.5
GSM2819580	0.116091895	0.559167461	23.43792979	32.74251669	21.5
GSM2819581	0.00086582	0.390495741	21.01818222	29.20041057	22.5
GSM2819582	0.161013065	0.289668135	24.38127437	27.08303084	21.5
GSM2819583	0.286077766	0.541565794	27.00763309	32.37288168	22.5
GSM2819584	0.211189067	0.545723774	25.43497041	32.46019926	23.5
GSM2819585	0.252176126	0.566454651	26.29569864	32.89554767	21.5
GSM2819586	-0.147079416	0.150032316	17.12773383	24.15067863	19.5
GSM2819587	0.17645669	0.604739931	24.7055905	33.69953856	21.5
GSM2819588	0.024291649	0.139619908	21.51012464	23.93201808	20.5
GSM2819589	0.197031971	0.537960671	25.13767139	32.2971741	23.5
GSM2819590	0.426627317	0.70886845	29.95917366	35.88623744	19.5
GSM2819591	-0.170003578	0.038610035	16.71689776	21.81081074	19.5
GSM2819592	0.227620739	0.660735498	25.78003551	34.87544545	22.5
GSM2819593	0.099681916	0.31679719	23.09332024	27.65274099	22.5
GSM2819594	-0.032161386	0.360097479	19.33535612	28.56204705	21.5
GSM2819595	0.0628559	0.596815801	22.31997389	33.53313181	19.5
GSM2819596	0.004727721	0.294132757	21.09928214	27.17678789	21.5
GSM852282	-3.050077069	-2.419017839	-0.005539233	0.86918891	0.5
GSM852283	-2.779213749	-2.396192489	0.303833393	0.912344447	0.5
GSM852284	-2.833423141	-2.411517687	0.235034984	0.883260816	0.5
GSM852285	-2.134502724	-1.640101424	1.48437151	3.07316775	1.5
GSM852286	-2.1430636	-1.638148503	1.463193891	3.081130097	1.5
GSM852287	-2.348086276	-1.856246244	1.006588792	2.281419798	1.5
GSM852288	-2.642953811	-2.200452923	0.49416665	1.325812673	0.5
GSM852289	-2.79429156	-2.313453044	0.284321904	1.077300873	0.5
GSM852290	-2.427955611	-1.916870134	0.852556963	2.088397362	0.5
GSM852291	-2.236946293	-1.760081732	1.242465981	2.612646858	1.5
GSM852292	-2.088775679	-1.532585343	1.600611888	3.535508	1.5
GSM852293	-2.312371815	-1.792950833	1.079548125	2.495832709	1.5
GSM852294	-2.941096834	-2.469975209	0.108963287	0.776326076	0.5
GSM852295	-2.450550844	-1.892392822	0.811167371	2.164925814	0.5
GSM852296	-2.928569393	-2.549517831	0.122943143	0.640505796	0.5
GSM852297	-2.056594489	-1.592812158	1.685663871	3.270411873	1.5
GSM852298	-1.844732354	-1.296589915	2.31942005	4.742717455	1.5
GSM852299	-2.245186147	-1.802237113	1.224064307	2.463519693	1.5
GSM852300	-2.76178677	-2.224033113	0.326754411	1.271611121	0.5
GSM852301	-2.790799621	-2.292780112	0.288814516	1.120691735	0.5
GSM852302	-2.638826944	-2.204604666	0.500345618	1.316176514	0.5
GSM852303	-2.084782667	-1.673770262	1.611016922	2.938311885	1.5
GSM852304	-2.148958979	-1.431825672	1.448715152	4.016320847	1.5
GSM852305	-2.044277366	-1.591327047	1.718948085	3.27675862	1.5
GSM852306	-2.639605372	-2.220517949	0.499178161	1.279610258	0.5
GSM852307	-2.962667621	-2.569420964	0.085298231	0.608177378	0.5
GSM852308	-2.887720432	-2.46627802	0.169763985	0.782905644	0.5
GSM852309	-2.170781935	-1.597689454	1.395855819	3.249634521	1.5
GSM852310	-2.443937425	-1.945560658	0.823185075	2.001048657	1.5
GSM852311	-2.365594015	-1.904042044	0.971763702	2.128270805	1.5
GSM852312	-2.741266902	-2.290102742	0.354260482	1.12637722	0.5
GSM852313	-2.674625347	-2.056278291	0.447585637	1.686513205	0.5
GSM852314	-2.892647087	-2.471855899	0.164015134	0.772988497	0.5
GSM852315	-2.045617096	-1.714284721	1.715307867	2.78194231	1.5
GSM852316	-2.329443153	-1.690814829	1.044348762	2.871753902	1.5
GSM852317	-2.10454974	-1.688949206	1.559911525	2.878983876	1.5
GSM852318	-2.71022999	-2.262444822	0.396951619	1.186009237	0.5
GSM852319	-2.663807273	-2.169648469	0.463330737	1.398572981	0.5
GSM852320	-2.859915796	-2.394782621	0.202745237	0.915042503	0.5
GSM852321	-2.271573362	-1.788284297	1.166144969	2.51218426	1.5
GSM852322	-2.120055971	-1.558896276	1.520523119	3.41773076	1.5
GSM852323	-2.339466708	-1.834744961	1.023959477	2.352738507	1.5
GSM852324	-2.702186014	-2.234221262	0.408233981	1.248585104	0.5
GSM852325	-2.668268127	-2.244373259	0.456817571	1.225872956	0.5
GSM852326	-2.638100091	-2.228601535	0.501436545	1.261257111	0.5
GSM852327	-1.950139962	-1.538541065	1.987337359	3.508576053	1.5
GSM852328	-2.260837592	-1.809503582	1.189525483	2.438443353	1.5
GSM852329	-1.978031518	-1.457096929	1.905167128	3.891140509	1.5
GSM908383	1.00657902	1.257439891	42.13815942	47.40623771	38.5
GSM908384	0.054327199	0.190505693	22.14087117	25.00061956	26.5
GSM908385	0.811884077	0.953942483	38.04956562	41.03279215	33.5
GSM908386	0.972566135	0.977237555	41.42388884	41.52198865	38.5
GSM908387	0.64100205	0.77865609	34.46104305	37.35177788	37.5
GSM908388	0.476914126	0.614061579	31.01519665	33.89529315	31.5
GSM908389	0.767292024	0.706720568	37.1131325	35.84113192	38.5
GSM908390	0.981639542	1.070613576	41.61443038	43.48288509	37.5
GSM908391	0.700212506	0.836554501	35.70446262	38.56764452	31.5
GSM908392	0.54953724	0.632669867	32.54028204	34.2860672	30.5
GSM908393	0.791208734	0.785203333	37.61538341	37.48927	39.5
GSM908394	0.453132284	0.669914337	30.51577796	35.06820107	32.5
GSM908395	0.301937398	0.518222556	27.34068536	31.88267368	27.5
GSM908396	0.210734525	0.557093643	25.42542503	32.69896651	25.5
GSM908397	0.551043448	0.637941988	32.57191241	34.39678176	31.5
GSM908398	1.333899787	1.39365543	49.01189554	50.26676402	39.5
GSM908399	0.88930962	0.953050728	39.67550202	41.01406528	37.5
GSM908400	0.704848102	0.837365682	35.80181014	38.58467932	36.5
GSM908401	0.622612796	0.710098069	34.07486872	35.91205946	38.5
GSM908402	0.904228635	1.001069574	39.98880134	42.02246105	38.5
GSM908403	0.698616098	0.773199726	35.67093806	37.23719424	38.5
GSM908404	0.406130791	0.53101984	29.5287466	32.15141664	32.5
GSM908405	0.807372248	0.882519276	37.9548172	39.5329048	35.5
GSM908406	0.427643369	0.505759425	29.98051075	31.62094792	28.5
GSM908407	0.174979141	0.335015047	24.67456197	28.03531598	32.5
GSM908408	0.575872918	0.789757913	33.09333127	37.58491618	33.5
GSM908409	0.267420313	0.312796016	26.61582657	27.56871634	26.5
GSM908410	0.223467438	0.292231473	25.6928162	27.13686094	25.5
GSM908411	0.58649372	0.700142145	33.31636811	35.70298505	33.5
GSM908412	0.456868558	0.601711208	30.59423972	33.63593537	35.5
GSM908413	0.731013062	0.937879226	36.35127431	40.69546374	34.5
GSM908414	0.947364588	1.065087857	40.89465635	43.366845	40.5
GSM908415	0.990598165	1.006711675	41.80256146	42.14094516	40.5
GSM908416	0.210805796	0.394510796	25.42692171	29.28472672	29.5
GSM908417	0.280750818	0.484767084	26.89576717	31.18010877	24.5
GSM908418	0.23902748	0.263954372	26.01957708	26.5430418	31.5
GSM908419	0.139878818	0.273919844	23.93745518	26.75231673	26.5
GSM908420	0.692616034	0.789474062	35.54493672	37.5789553	25.5
GSM908421	0.605703804	0.703665384	33.71977989	35.77697306	32.5
GSM908422	0.591850638	0.552946475	33.4288634	32.61187597	37.5
GSM908423	0.722339927	0.804523659	36.16913846	37.89499684	29.5
GSM908424	0.592393711	0.682201745	33.44026793	35.32623664	31.5
GSM908425	0.476175813	0.504235967	30.99969207	31.58895531	33.5
GSM908426	0.762002836	0.880449077	37.00205956	39.48943062	33.5
GSM908427	0.420541233	0.426311505	29.8313659	29.95254161	33.5
GSM908428	0.971069954	1.018657145	41.39246902	42.39180005	40.5
GSM908429	1.071866475	1.085334688	43.50919597	43.79202845	37.5
GSM908430	1.099401509	1.233808562	44.08743168	46.90997981	37.5
GSM908431	0.71929281	0.853181808	36.10514901	38.91681796	35.5
GSM908432	0.840490945	0.908477971	38.65030984	40.0780374	35.5
GSM908433	0.768835917	0.954523254	37.14555425	41.04498833	36.5
GSM908434	0.616978523	0.798941418	33.95654899	37.77776977	37.5
GSM908435	0.468930175	0.539787148	30.84753368	32.33553011	30.5
GSM908436	0.37410969	0.432604668	28.8563035	30.08469802	25.5
GSM908437	0.314906207	0.449104981	27.61303035	30.43120461	31.5
GSM908438	0.488346828	0.528353216	31.25528338	32.09541753	31.5
GSM908439	0.579206228	0.605336632	33.16333079	33.71206928	35.5
GSM908440	0.637372347	0.683480411	34.38481928	35.35308863	35.5
GSM908441	0.574369752	0.754538659	33.06176478	36.84531185	33.5
GSM908442	0.106722813	0.243083793	23.24117908	26.10475965	25.5
GSM908443	1.194862445	1.378537624	46.09211135	49.94929011	34.5
GSM908444	0.837799461	0.779697424	38.59378869	37.3736459	33.5
GSM908445	0.285056222	0.332234489	26.98618066	27.97692427	27.5
GSM908446	0.2997596	0.449580584	27.2949516	30.44119227	26.5
GSM908447	0.850998739	0.955760033	38.87097352	41.07096068	35.5
GSM908448	0.553757298	0.664473538	32.62890326	34.9539443	29.5
GSM908449	0.52462207	0.60273565	32.01706347	33.65744865	28.5
GSM908450	1.123762094	1.235738284	44.59900398	46.95050396	40.5
GSM908451	0.601785524	0.635707492	33.637496	34.34985734	31.5
GSM908452	0.271727627	0.375140737	26.70628016	28.87795548	27.5
GSM908453	0.630039674	0.70392659	34.23083314	35.78245839	36.5
GSM908454	0.176719411	0.283619139	24.71110764	26.95600192	25.5
GSM908455	0.150011266	0.260160736	24.15023658	26.46337545	28.5
GSM908456	0.33136986	0.382679262	27.95876706	29.03626449	26.5
GSM908457	0.402472299	0.557248532	29.45191828	32.70221918	27.5
GSM908458	0.282004355	0.330393356	26.92209146	27.93826047	26.5
GSM908459	0.57906148	0.622928676	33.16029108	34.0815022	35.5
GSM908460	0.701022428	0.800011049	35.72147098	37.80023203	33.5
GSM908461	0.656418618	0.809888342	34.78479098	38.00765519	33.5
GSM908462	0.418935737	0.516067949	29.79765049	31.83742694	30.5
GSM908463	0.330899506	0.44681195	27.94888963	30.38305095	30.5
GSM908464	0.536305047	0.435529956	32.26240599	30.14612907	31.5
GSM908465	0.402855792	0.396110704	29.45997164	29.31832479	34.5
GSM908466	0.369805895	0.346700647	28.76592379	28.28071359	31.5
GSM908467	0.286802063	0.354739086	27.02284333	28.4495208	30.5
GSM908468	0.677295342	0.882297934	35.22320217	39.52825661	41.5
GSM908469	0.455303045	0.613336424	30.56136395	33.8800649	32.5
GSM908470	1.056837486	1.259808402	43.1935872	47.45597644	43.5
GSM908471	0.655406006	0.692492513	34.76352613	35.54234277	40.5
GSM908472	1.141749906	1.098961278	44.97674803	44.07818683	41.5
GSM908473	1.161251631	1.252041949	45.38628426	47.29288093	45.5
GSM908474	0.187109593	0.265882082	24.92930145	26.58352373	25.5
GSM908475	0.71621999	0.858243645	36.04061979	39.02311654	34.5
GSM908476	0.522356542	0.613133687	31.96948738	33.87580742	35.5
GSM908477	0.886607773	0.924683416	39.61876323	40.41835173	37.5
GSM908478	0.589307112	0.504775131	33.37544935	31.60027775	40.5
GSM908479	0.889465583	0.967411539	39.67877724	41.31564231	39.5
GSM908480	0.99567453	1.036962936	41.90916513	42.77622165	42.5
GSM908481	0.247026819	0.278353708	26.18756319	26.84542786	26.5
GSM1425464	2.154229966	2.521831431	66.23882928	73.95846006	74.5
GSM1425465	1.059682416	2.822050685	43.25333074	80.26306439	74.5
GSM1425466	2.881422948	3.013093056	81.5098819	84.27495418	76.5
GSM1425467	2.493932848	2.705175459	73.37258982	77.80868465	76.5
GSM1425468	2.62438883	2.850029131	76.11216543	80.85061175	76.5
GSM1425469	2.010002939	2.212561651	63.21006172	67.46379467	74.5
GSM1425470	2.384132338	2.780523364	71.06677911	79.39099064	74.5
GSM1425471	0.59632074	1.201413717	33.52273553	46.22968805	33.5
GSM1425472	0.71035186	1.278437094	35.91738907	47.84717898	33.5
GSM1425473	3.149097165	3.61113459	87.13104047	96.83382638	75.5
GSM1425474	2.075642038	2.25621409	64.5884828	68.38049588	75.5
GSM1425475	2.385066515	2.800850312	71.08639681	79.81785655	75.5
GSM1425476	2.623049089	2.864567521	76.08403087	81.15591794	74.5
GSM1425477	2.269632543	2.597284387	68.6622834	75.54297213	74.5
GSM1425478	2.361822021	2.774781587	70.59826244	79.27041333	74.5
GSM1425479	0.579725048	0.997161766	33.17422601	41.94039708	26.5
GSM1425480	0.455443051	0.831928848	30.56430407	38.4705058	26.5
GSM1425481	0.49898395	0.985314324	31.47866295	41.6916008	26.5
GSM1425482	1.076692494	1.622364407	43.61054237	55.06965255	32.5
GSM1425483	0.662580372	1.073587832	34.91418781	43.54534447	32.5
GSM1425484	0.736218892	1.24924215	36.46059672	47.23408514	32.5
GSM1425485	2.779824223	2.854792892	79.37630868	80.95065073	76.5
GSM1425486	2.264481751	2.456172649	68.55411678	72.57962562	76.5
GSM1425487	2.466205581	2.853998563	72.79031721	80.93396983	76.5
GSM1425488	2.082986491	2.519321234	64.74271631	73.90574591	74.5
GSM1425489	1.72383584	2.216708036	57.20055264	67.55086876	74.5
GSM1425490	1.654339829	2.037119971	55.74113641	63.7795194	74.5
GSM1425491	0.503813552	1.117284602	31.5800846	44.46297664	29.5
GSM1425492	0.44417157	0.940847519	30.32760298	40.7577979	29.5
GSM1425493	0.611424046	1.199064	33.83990496	46.180344	29.5
GSM1425494	2.437721968	2.74352738	72.19216133	78.61407497	75.5
GSM1425495	2.172417509	2.48640126	66.62076769	73.21442646	75.5
GSM1425496	2.391729934	2.745789952	71.22632862	78.66158899	75.5
GSM1425497	0.371339789	0.910552467	28.79813556	40.1216018	30.5
GSM1425498	0.521525252	0.790988263	31.9520303	37.61075353	30.5
GSM1425499	0.802026705	1.237948404	37.8425608	46.99691649	30.5
GSM1425500	2.432713744	2.810627211	72.08698862	80.02317142	74.5
GSM1425501	2.061971552	2.349859047	64.3014026	70.34703998	74.5
GSM1425502	2.249328596	2.516957048	68.23590051	73.856098	74.5
GSM1425503	2.284132958	2.791908552	68.96679211	79.6300796	77.5
GSM1425504	2.510086765	3.318829104	73.71182206	90.69541117	77.5
GSM1425505	2.42695519	2.759761346	71.96605899	78.95498827	77.5
GSM1425506	0.456807366	1.04318093	30.59295469	42.90679954	30.5
GSM1425507	0.4993935	0.97293103	31.4872635	41.43155163	30.5
GSM1425508	0.498800179	1.048247452	31.47480377	43.01319648	30.5
GSM1425509	2.42521349	2.879616642	71.92948328	81.47194948	73.5
GSM1425510	2.16857902	2.219535675	66.54015943	67.61024918	73.5
GSM1425511	2.43834597	2.811770705	72.20526538	80.04718481	73.5
GSM1425512	2.818729357	3.303866666	80.19331649	90.38119999	75.5
GSM1425513	2.161360896	2.568811891	66.38857882	74.94504971	75.5
GSM1425514	2.471422647	2.865090338	72.89987558	81.1668971	75.5
GSM1425515	0.355595281	0.912516067	28.4675009	40.1628374	28.5
GSM1425516	0.534967384	0.976765808	32.23431506	41.51208197	28.5
GSM1425517	0.561284241	1.128873099	32.78696907	44.70633507	28.5
GSM1425518	1.567966113	2.081404489	53.92728838	64.70949427	34.5
GSM1425519	0.903988941	1.358427711	39.98376776	49.52698192	34.5
GSM1425520	1.249140461	1.818205999	47.23194967	59.18232598	34.5
GSM1425521	0.798563844	1.063063263	37.76984073	43.32432853	27.5
GSM1425522	0.607257287	1.067943131	33.75240303	43.42680574	27.5
GSM1425523	0.544104251	1.14723583	32.42618926	45.09195242	27.5
GSM1425524	2.466627608	2.730031481	72.79917978	78.3306611	75.5
GSM1425525	2.0881621	2.365221727	64.8514041	70.66965626	75.5
GSM1425526	2.476966926	2.710266559	73.01630545	77.91559775	75.5
GSM1425527	2.631086606	3.009137269	76.25281874	84.19188266	76.5
GSM1425528	2.273234978	2.500219354	68.73793455	73.50460644	76.5
GSM1425529	2.386605206	2.917740461	71.11870932	82.27254967	76.5
GSM1425530	2.630710223	3.035866795	76.24491468	84.7532027	75.5
GSM1425531	2.041260523	2.347316878	63.86647099	70.29365443	75.5
GSM1425532	2.160941942	2.739630256	66.37978077	78.53223537	75.5
GSM1425533	2.554929474	2.79897709	74.65351896	79.77851888	76.5
GSM1425534	2.456604974	2.653875126	72.58870446	76.73137764	76.5
GSM1425535	2.589104265	3.123003533	75.37118956	86.5830742	76.5
GSM1425536	1.942509922	2.503398682	61.79270836	73.57137233	74.5
GSM1425537	1.963597098	2.270997155	62.23553907	68.69094024	74.5
GSM1425538	1.981212669	2.471254786	62.60546604	72.8963505	74.5
GSM1425539	2.891811357	3.542285078	81.7280385	95.38798663	75.5
GSM1425540	2.465560369	2.763328168	72.77676776	79.02989152	75.5
GSM1425541	2.375084607	2.763231664	70.87677675	79.02786495	75.5
GSM1425542	2.362016124	2.814050877	70.6023386	80.09506842	77.5
GSM1425543	2.262836385	2.63674089	68.51956408	76.37155868	77.5
GSM1425544	2.289503827	2.738210805	69.07958036	78.5024269	77.5
GSM1425545	0.657318852	1.036260005	34.80369588	42.76146011	28.5
GSM1425546	0.566112695	0.910758996	32.8883666	40.12593891	28.5
GSM1425547	0.42712329	0.876616769	29.9695891	39.40895214	28.5
GSM1425548	2.439763632	2.906975446	72.23503627	82.04648436	76.5
GSM1425549	2.089301568	2.31675553	64.87533293	69.65186613	76.5
GSM1425550	2.487684341	2.744609953	73.24137116	78.63680902	76.5
GSM1425551	0.462545741	0.934466074	30.71346056	40.62378756	26.5
GSM1425552	0.595503978	1.017945818	33.50558354	42.37686218	26.5
GSM1425553	0.474749722	0.889918497	30.96974415	39.68828844	26.5
GSM1425554	1.917550912	2.51311655	61.26856915	73.77544756	32.5
GSM1425555	1.927607213	2.401623269	61.47975147	71.43408864	32.5
GSM1425556	3.193550341	3.381140415	88.06455717	92.00394871	76.5
GSM1425557	2.215829882	2.473260499	67.53242752	72.93847048	76.5
GSM1425558	2.349724605	2.762057687	70.3442167	79.00321142	76.5
GSM1425559	0.910413153	1.42182915	40.1186762	50.85841215	32.5
GSM1425560	0.531204915	0.996360906	32.15530322	41.92357902	32.5
GSM1425561	0.8407839	1.287753032	38.6564619	48.04281368	32.5
GSM1425562	0.907727494	1.30800906	40.06227738	48.46819027	33.5
GSM1425563	0.712006805	1.124902436	35.95214291	44.62295115	33.5
GSM1425564	0.935429797	1.449234219	40.64402574	51.43391859	33.5
GSM1425565	3.081583208	3.235672914	85.71324736	88.94913119	76.5
GSM1425566	2.429411936	2.75056808	72.01765066	78.76192968	76.5
GSM1425567	2.489592314	2.824866156	73.28143858	80.32218928	76.5
GSM1425568	0.907280388	1.551972937	40.05288814	53.59143169	34.5
GSM1425569	0.978700399	1.432852356	41.55270838	51.08989947	34.5
GSM1425570	0.724538479	1.312516194	36.21530807	48.56284008	34.5
GSM1425571	2.339457862	2.836985457	70.12861511	80.57669459	77.5
GSM1425572	2.32520695	2.82286126	69.82934595	80.28008645	77.5
GSM1425573	2.196644552	2.760044506	67.12953559	78.96093463	77.5
GSM1425574	0.687143493	1.372393744	35.43001334	49.82026863	28.5
GSM1425575	0.412131187	1.15246863	29.65475493	45.20184123	28.5
GSM1425576	0.765620408	1.463016299	37.07802858	51.72334228	28.5
GSM1425577	2.330242299	2.990159275	69.93508827	83.79334478	73.5
GSM1425578	1.960041303	2.413560947	62.16086735	71.68477988	73.5
GSM1425579	2.095740785	2.648781089	65.01055648	76.62440287	73.5
GSM1425580	2.732472067	2.965651139	78.38191341	83.27867392	73.5
GSM1425581	2.132660441	2.368471966	65.78586926	70.73791129	73.5
GSM1425582	2.156186222	2.584252653	66.27991067	75.26930572	73.5
GSM1425583	0.657244363	1.174850462	34.80213162	45.67185971	27.5
GSM1425584	0.443127178	0.944929064	30.30567073	40.84351034	27.5
GSM1425585	0.549875249	0.978080948	32.54738023	41.5396999	27.5
GSM1425586	0.601895925	1.101969183	33.63981442	44.14135284	34.5
GSM1425587	0.684083118	1.100349351	35.36574548	44.10733637	34.5
GSM1425588	0.492966118	0.944200276	31.35228847	40.82820579	34.5
GSM1425589	3.057771216	3.238689301	85.21319554	89.01247533	76.5
GSM1425590	2.543198474	2.779383189	74.40716796	79.36704696	76.5
GSM1425591	2.588837504	2.992411968	75.36558757	83.84065132	76.5
GSM1425592	0.843531577	1.372905384	38.71416312	49.83101306	30.5
GSM1425593	0.678827475	1.048522969	35.25537698	43.01898235	30.5
GSM1425594	0.76298961	1.207140191	37.02278181	46.349944	30.5
GSM1425595	0.757115655	1.194383312	36.89942874	46.08204955	26.5
GSM1425596	0.368866654	0.824061178	28.74619972	38.30528475	26.5
GSM1425597	0.307972805	0.816184204	27.4674289	38.13986827	26.5
GSM1425598	2.861193946	3.251071826	81.08507286	89.27250834	76.5
GSM1425599	2.226035812	2.557506765	67.74675206	74.70764207	76.5
GSM1425600	2.534924771	3.018512468	74.2334202	84.38876182	76.5
GSM1425601	2.543371203	2.888006823	74.41079527	81.64814328	75.5
GSM1425602	2.113157562	2.442396405	65.37630879	72.29032451	75.5
GSM1425603	0.837102889	1.232088321	38.57916066	46.87385474	32.5
GSM1425604	0.666104884	1.045919167	34.98820256	42.9643025	32.5
GSM1425605	0.63147099	1.110092894	34.26089079	44.31195077	32.5
GSM1425606	2.292573305	2.747088256	69.1440394	78.68885339	75.5
GSM1425607	2.277101501	2.579965285	68.81913153	75.17927098	75.5
GSM1425608	2.144578502	2.604364942	66.03614855	75.69166379	75.5
GSM1425609	2.494851038	3.16814917	73.39187179	87.53113258	74.5
GSM1425610	2.102467146	2.55436468	65.15181006	74.64165827	74.5
GSM1425611	2.442416847	2.754774748	72.29075379	78.85026971	74.5
GSM1425612	0.324675248	0.774591159	27.81818021	37.26641435	28.5
GSM1425613	0.403730125	0.813328923	29.47833262	38.07990739	28.5
GSM1425614	0.276928911	0.684064359	26.81550713	35.36535155	28.5
GSM1425615	2.736883628	3.232475449	78.47455619	88.88198442	74.5
GSM1425616	1.957605495	2.270361914	62.1097154	68.6776002	74.5
GSM1425617	2.313252072	2.91428111	69.57829351	82.1999033	74.5
GSM1425618	0.687441166	1.131982699	35.43626449	44.77163668	32.5
GSM1425619	0.230495814	0.71274405	25.8404121	35.96762506	32.5
GSM1425620	1.008865967	1.304252417	42.18618532	48.38930076	32.5
GSM1425621	2.474866385	2.790169605	72.97219408	79.5935617	73.5
GSM1425622	2.047397373	2.248921433	63.99534483	68.2273501	73.5
GSM1425623	2.070620164	2.628879925	64.48302343	76.20647842	73.5
GSM1425624	0.637395501	1.118407528	34.38530553	44.48655809	28.5
GSM1425625	0.606695549	1.041428783	33.74060653	42.87000445	28.5
GSM1425626	0.646905903	1.120953645	34.58502396	44.54002655	28.5
GSM1425627	1.222588357	1.673929158	46.67435549	56.15251233	31.5
GSM1425628	0.709074241	1.184299663	35.89055906	45.87029292	31.5
GSM1425629	0.573532529	1.094216539	33.04418311	43.97854733	31.5
GSM1425630	0.209567888	0.577312225	25.40092566	33.12355673	30.5
GSM1425631	0.562786916	0.953603509	32.81852523	41.02567369	30.5
GSM1425632	0.3275716	0.959387848	27.87900359	41.1471448	30.5
GSM1425633	1.408486373	1.953287302	50.57821384	62.01903334	33.5
GSM1425634	0.729483155	1.239884804	36.31914626	47.03758088	33.5
GSM1425635	0.792167542	1.370911284	37.63551837	49.78913696	33.5
GSM1425636	0.698341131	1.265192701	35.66516375	47.56904673	26.5
GSM1425637	0.371669288	0.743067052	28.80505505	36.60440809	26.5
GSM1425638	0.652892535	1.13647362	34.71074324	44.86594602	26.5
GSM1425639	1.307341567	1.929735813	48.4541729	61.52445207	34.5
GSM1425640	0.729438852	1.249356106	36.31821589	47.23647822	34.5
GSM1425641	0.839191919	1.312569637	38.6230303	48.56396239	34.5
GSM1425642	0.644079029	1.021206026	34.52565962	42.44532655	29.5
GSM1425643	0.561039957	1.03292109	32.78183909	42.69134289	29.5
GSM1425644	0.687313235	1.243893158	35.43357793	47.12175633	29.5
GSM1425645	0.562994669	1.188449514	32.82288806	45.9574398	25.5
GSM1425646	0.612948558	0.763178426	33.87191972	37.02674695	25.5
GSM1425647	0.435120263	1.07533683	30.13752552	43.58207342	25.5
GSM1425648	0.662087865	1.141104792	34.90384516	44.96320062	28.5
GSM1425649	0.347079168	0.836300106	28.28866252	38.56230222	28.5
GSM1425650	0.572006908	1.084299184	33.01214508	43.77028286	28.5
GSM1425651	0.678998334	1.157871443	35.25896501	45.31530031	27.5
GSM1425652	0.48169379	0.846176143	31.11556959	38.769699	27.5
GSM1425653	0.66652538	1.182102098	34.99703298	45.82414406	27.5
GSM1425654	2.582972719	2.960530603	75.2424271	83.17114266	77.5
GSM1425655	2.210233797	2.556113461	67.41490975	74.67838267	77.5
GSM1425656	2.315866116	2.768465669	69.63318844	79.13777905	77.5
GSM1425657	1.697213886	2.040546677	56.6414916	63.85148022	75.5
GSM1425658	0.793581817	1.328876892	37.66521816	48.90641472	75.5
GSM1425659	2.141571693	2.280181755	65.97300555	68.88381686	75.5
GSM1425661	2.779297081	2.916099112	79.36523871	82.23808136	74.5
GSM1425662	2.609343345	2.832820223	75.79621024	80.48922468	74.5
GSM1425663	0.485389943	0.98682621	31.1931888	41.7233504	28.5
GSM1425664	0.363620673	0.779404086	28.63603412	37.36748581	28.5
GSM1425665	0.666276246	1.089772	34.99180117	43.885212	28.5
GSM1425666	2.840275764	3.104728008	80.64579104	86.19928817	79.5
GSM1425667	2.527471665	2.809084405	74.07690496	79.9907725	79.5
GSM1425668	2.630294922	2.87434039	76.23619336	81.36114818	79.5
GSM1425669	2.648680944	2.979225149	76.62229982	83.56372813	76.5
GSM1425670	2.465643284	2.748897965	72.77850896	78.72685726	76.5
GSM1425671	2.611399593	2.893561458	75.83939145	81.76479062	76.5
GSM1425672	1.101196819	1.673939758	44.12513319	56.15273491	34.5
GSM1425673	0.729369389	1.136168272	36.31675718	44.85953372	34.5
GSM1425674	0.715575106	1.234943539	36.02707724	46.93381431	34.5
GSM1425675	0.646176998	1.015851189	34.56971697	42.33287496	28.5
GSM1425676	0.407933542	0.824131697	29.56660439	38.30676563	28.5
GSM1425677	0.444767842	0.813817241	30.34012469	38.09016207	28.5
GSM1425678	0.854059251	1.29645354	38.93524427	48.22552434	33.5
GSM1425679	0.843306489	1.22477461	38.70943627	46.72026681	33.5
GSM1425680	0.711649266	1.334296805	35.94463458	49.0202329	33.5
GSM1425681	2.607360736	3.161234825	75.75457545	87.38593133	73.5
GSM1425682	2.229521916	2.662088833	67.81996024	76.9038655	73.5
GSM1425683	2.486461206	2.80156769	73.21568534	79.83292148	73.5
GSM1425684	2.679781793	2.927022375	77.27541765	82.46746987	73.5
GSM1425685	1.911744475	2.308435664	61.14663398	69.47714895	73.5
GSM1425686	2.537523222	2.74937981	74.28798766	78.736976	73.5
GSM1425687	2.201605564	2.542232864	67.23371684	74.38689013	73.5
GSM1425688	1.777870226	2.144273526	58.33527474	66.02974404	73.5
GSM1425689	2.300436441	2.654670293	69.30916525	76.74807616	73.5
GSM1425690	0.88080876	1.190856427	39.49698396	46.00798497	26.5
GSM1425691	0.333770854	0.766096889	28.00918794	37.08803466	26.5
GSM1425692	0.89925238	1.367343773	39.88429997	49.71421923	26.5
GSM1425693	0.704804352	1.007517823	35.8008914	42.15787428	28.5
GSM1425694	0.375311884	0.825875505	28.88154956	38.3433856	28.5
GSM1425695	0.581038112	0.983155472	33.20180036	41.64626491	28.5
GSM1425696	0.292145953	0.724492434	27.13506501	36.21434112	29.5
GSM1425697	-0.651739708	-0.216402051	9.943905538	15.91363983	29.5
GSM1425698	0.307964895	0.713561858	27.46726279	35.98479902	29.5
GSM1425699	1.983917817	2.331015016	62.66227415	69.95131533	26.5
GSM1425700	1.237937199	1.79977132	46.99668117	58.79519772	26.5
GSM1425701	2.785964668	3.180624799	79.50525803	87.79312078	76.5
GSM1425702	2.61924986	2.974338841	76.00424706	83.46111565	76.5
GSM1425703	2.467503176	2.793861985	72.81756669	79.67110169	76.5
GSM1425704	2.0644887	2.279436642	64.35426269	68.86816948	76.5
GSM1425705	2.105146582	2.488574351	65.20807822	73.26006137	76.5
GSM1425706	0.948859493	1.345688945	40.92604936	49.25946785	27.5
GSM1425707	0.582281909	0.97231521	33.22792009	41.41861941	27.5
GSM1425708	0.705301283	1.25678754	35.81132693	47.39253834	27.5
GSM1425709	3.261410014	3.578861088	89.48961029	96.15608286	84.5
GSM1425710	2.690785522	2.872762955	77.50649595	81.32802205	84.5
GSM1425711	2.680164506	3.084480931	77.28345463	85.77409955	84.5
GSM1425712	2.663928682	3.143743638	76.94250233	87.01861639	83.5
GSM1425713	2.094929608	2.343273452	64.99352176	70.20874249	83.5
GSM1425714	2.223561272	2.58074995	67.69478671	75.19574895	83.5
GSM1425715	2.620278331	2.907696588	76.02584495	82.06162834	81.5
GSM1425716	2.295228757	2.646661344	69.1998039	76.57988823	81.5
GSM1425717	2.463749578	2.772097831	72.73874114	79.21405446	81.5
GSM1425718	3.002897777	3.28014183	84.06085332	89.88297844	84.5
GSM1425719	2.359762283	2.781901585	70.55500794	79.41993329	84.5
GSM1425720	2.835739928	2.993385588	80.55053848	83.86109735	84.5
GSM1425721	1.014807683	1.543510633	42.31096133	53.4137233	32.5
GSM1425722	0.732297099	1.328730333	36.37823908	48.903337	32.5
GSM1425723	0.811831605	1.247371763	38.04846371	47.19480702	32.5
GSM1425724	3.135106819	3.665627109	86.83724319	97.97816929	79.5
GSM1425725	2.551142951	2.894404572	74.57400198	81.78249601	79.5
GSM1425726	2.211556397	2.712728364	67.44268433	77.96729565	79.5
GSM1425727	0.301882474	0.971661586	27.33953195	41.4048933	24.5
GSM1425728	0.211290592	0.811481189	25.43710244	38.04110497	24.5
GSM1425729	0.267171227	0.861352371	26.61059577	39.0883998	24.5
GSM1425730	0.929347276	1.4489056	40.5162928	51.4270176	31.5
GSM1425731	0.696079625	1.034319391	35.61767213	42.72070722	31.5
GSM1425732	0.840642245	1.360106781	38.65348714	49.5622424	31.5
GSM1425733	0.226312847	0.695892239	25.75256979	35.61373702	27.5
GSM1425734	0.304882723	0.787762619	27.40253718	37.543015	27.5
GSM1425735	0.377608962	1.007321421	28.92978819	42.15374984	27.5
GSM1425736	2.178991594	2.356346371	66.75882348	70.48327379	74.5
GSM1425737	2.422765101	2.666767826	71.87806713	77.00212434	77.5
GSM1425738	2.188141078	2.435857303	66.95096263	72.15300336	77.5
GSM1425739	0.120874893	0.665961037	23.53837276	34.98518178	25.5
GSM1425740	0.338858492	0.817038787	28.11602833	38.15781454	25.5
GSM1425741	0.451735812	0.999528723	30.48645205	41.99010318	25.5
GSM1425742	1.854029629	2.307047266	59.9346222	69.44799258	77.5
GSM1425743	2.646191349	2.985448976	76.57001834	83.6944285	77.5
GSM1425744	1.954414035	2.346123936	62.04269474	70.26860266	77.5
GSM1425745	1.628094472	2.07915634	55.18998391	64.66228313	77.5
GSM1425746	2.007503251	2.334643645	63.15756828	70.02751655	77.5
GSM1425747	0.11700533	0.69910478	23.45711192	35.68120039	22.5
GSM1425748	0.134100442	0.797976018	23.81610928	37.75749637	22.5
GSM1425749	2.283381991	2.85332969	68.95102181	80.91992349	77.5
GSM1425750	0.579562023	1.039990694	33.17080249	42.83980457	22.5
GSM1425751	0.381402636	0.959856018	29.00945535	41.15697638	25.5
GSM1425752	0.139289403	0.885022152	23.92507746	39.5854652	25.5
GSM1425753	0.138741113	0.657037367	23.91356338	34.7977847	24.5
GSM1425754	0.403363844	0.852942006	29.47064073	38.91178214	24.5
GSM1425755	2.714030376	3.06249575	77.99463789	85.31241075	77.5
GSM1425756	2.123981754	2.364335558	65.60361683	70.65104672	77.5
GSM1425757	0.366232395	0.946729133	28.6908803	40.8813118	25.5
GSM1425758	0.165472911	0.687962543	24.47493112	35.44721341	24.5
GSM1425759	2.373992125	2.647963341	70.85383462	76.60723017	77.5
GSM2336818	0.28767044	0.91753617	27.04107924	40.26825958	19.1
GSM2336819	0.416794417	0.780293124	29.75268275	37.38615561	30.8
GSM2336820	0.118886912	0.572571458	23.49662515	33.02400062	58.4
GSM2336821	0.368847052	0.882725119	28.74578809	39.5372275	21.1
GSM2336822	0.919991717	1.542926259	40.31982605	53.40145143	40.3
GSM2336823	0.146513951	0.714605364	24.07679297	36.00671264	23.4
GSM2336824	-0.001214289	0.367002128	19.9745154	28.70704469	24.3
GSM2336825	0.803229454	1.204160172	37.86781854	46.28736361	40.3
GSM2336826	1.781840232	2.049604448	58.41864486	64.04169342	63.7
GSM2336827	0.875968115	1.410411703	39.39533041	50.61864576	30.7
GSM2336828	1.452706985	1.817856611	51.50684668	59.17498883	58.5
GSM2336829	1.343044255	1.688071811	49.20392935	56.44950804	50.7
GSM2336830	1.823269462	2.138893999	59.28865869	65.91677397	62.4
GSM2336831	0.974895098	1.375029053	41.47279707	49.87561012	38.5
GSM2336832	1.013883216	1.54574889	42.29154753	53.4607267	42.1
GSM2336833	0.852117863	1.162908655	38.89447511	45.42108176	37.4
GSM2336834	2.167509255	2.442018016	66.51769436	72.28237834	63.7
GSM2336835	1.377929687	1.750064212	49.93652344	57.75134846	52.4
GSM2336836	0.952295725	1.443072754	40.99821022	51.30452782	33.4
GSM2336837	0.280159436	0.850249405	26.88334816	38.8552375	27.6
GSM2336838	2.108463204	2.558305329	65.27772729	74.72441191	50.4
GSM2336839	0.680352279	1.360922566	35.28739785	49.57937388	34.9
GSM2336840	0.541375701	1.021042855	32.36888972	42.44189996	27.9
GSM2336841	0.672695101	1.14296887	35.12659712	45.00234628	30.5
GSM2336842	0.44525994	1.223538737	30.35045874	46.69431349	26.5
GSM2336843	0.178384776	0.638308085	24.74608029	34.40446979	22.6
GSM2336844	0.771483698	1.099428115	37.20115766	44.08799041	37.5
GSM2336845	1.468625155	1.909094187	51.84112826	61.09097793	41.5
GSM2336846	1.096667746	1.417404058	44.03002266	50.76548522	52.1
GSM2336847	0.801387828	1.314629584	37.8291444	48.60722127	33.1
GSM2336848	-0.15695535	0.406691975	16.94958667	29.54053148	22.4
GSM2336849	0.588179177	0.98153261	33.35176272	41.61218481	24.3
GSM2336850	0.932709645	1.441829123	40.58690254	51.27841158	37.5
GSM2336851	0.566398706	1.066077998	32.89437283	43.38763796	30.8
GSM2336852	1.082986511	1.553774478	43.74271673	53.62926404	33.4
GSM2336853	0.330818185	0.887294257	27.94718188	39.63317939	27.6
GSM2336854	0.771209155	1.296737798	37.19539226	48.23149377	31.3
GSM2336855	0.701041266	1.182652702	35.7218666	45.83570674	31.3
GSM2336856	0.796620502	1.35772412	37.72903055	49.51220651	32.6
GSM2336857	1.150533329	1.537611347	45.16119991	53.28983829	54.3
GSM2336858	1.319158921	1.809833832	48.70233735	59.00651047	49.1
GSM2336859	0.385664485	0.99601879	29.09895419	41.91639458	23.4
GSM2336860	0.15657929	0.715455887	24.28816508	36.02457362	58.4
GSM2336861	1.21838404	1.660104961	46.58606485	55.86220419	43.9
GSM2336862	0.551542262	0.945783876	32.5823875	40.86146139	33.1
GSM2336863	0.848104757	1.349795549	38.8101999	49.34570653	34.5
GSM2336864	0.666684098	1.304317761	35.00036606	48.39067297	30.3
GSM2336865	0.316760048	0.740740389	27.65196101	36.55554818	30.8
GSM2336866	1.581421667	1.913147554	54.209855	61.17609864	50.4
GSM2336867	1.679921261	1.946925412	56.27834647	61.88543365	62.4
GSM2336868	1.218433504	1.703545178	46.58710359	56.77444875	42.8
GSM2336869	0.537102385	0.871133814	32.27915009	39.29381009	37.4
GSM2336870	1.080384951	1.506332167	43.68808397	52.6329755	38.5
GSM2336871	2.38658716	2.879256995	71.11833036	81.46439689	63.7
GSM2336872	1.189454356	1.558945454	45.97854148	53.73785453	38.2
GSM2336873	0.28911506	0.698694881	27.07141626	35.67259249	26.7
GSM2336874	0.703173969	1.231899759	35.76665335	46.86989494	33.7
GSM2336875	0.916471003	1.29577118	40.24589107	48.21119479	32.6
GSM2336876	1.700102982	2.166385429	56.70216262	66.49409402	56.3
GSM2336877	1.51021135	1.931078552	52.71443834	61.5526496	56.3
GSM2336878	1.165518778	1.725438157	45.47589433	57.23420129	30.3
GSM2336879	1.018785689	1.601793646	42.39449947	54.63766657	49.1
GSM2336880	0.70388448	1.224661929	35.78157408	46.71790051	24.3
GSM2336881	0.415344212	0.892334847	29.72222845	39.73903179	22.6
GSM2336882	1.208702412	1.446031658	46.38275066	51.36666482	36.8
GSM2336883	0.071079589	0.468874572	22.49267136	30.846366	25.2
GSM2336884	1.305928533	1.720323023	48.4244992	57.12678348	41.5
GSM2336885	0.005571877	0.473266239	21.11700942	30.93859102	26.2
GSM2336886	1.669100684	2.045191461	56.05111437	63.94902068	50.7
GSM2336887	0.803541122	1.33754831	37.87436356	49.0885145	33.1
GSM2336888	1.314247939	1.686563398	48.59920673	56.41783136	52.1
GSM2336889	1.925434482	2.230057555	61.43412412	67.83120865	58.5
GSM2336890	0.8552273	1.2379207	38.95977331	46.9963347	38.5
GSM2336891	0.867315808	1.195187199	39.21363197	46.09893119	37.4
GSM2336892	0.072294722	0.756008841	22.51818916	36.87618566	19.7
GSM2336893	0.985232359	1.395894208	41.68987954	50.31377836	37.5
GSM2336894	0.656808837	1.274612634	34.79298557	47.76686531	33.7
GSM2336895	1.146774285	1.7094324	45.08225998	56.8980804	40.2
GSM2336896	0.809013329	1.116504	37.9892799	44.44658401	31.1
GSM2336897	0.44413945	0.897349629	30.32692845	39.84434221	26.7
GSM2336898	0.080547702	0.396124588	22.69150175	29.31861636	58.4
GSM2336899	1.101954221	1.560716975	44.14103865	53.77505647	43.9
GSM2336900	0.324045276	0.886965182	27.80495079	39.62626882	30.8
GSM2336901	0.349252502	0.572219255	28.33430255	33.01660437	25.1
GSM2336902	1.219188161	1.720015981	46.60295137	57.1203356	24.3
GSM2336903	0.060425593	0.828285336	22.26893745	38.39399206	19.7
GSM2336904	0.364581005	0.842980417	28.6562011	38.70258875	19.1
GSM2336905	1.817382325	2.279534466	59.16502882	68.87022378	33.4
GSM2336906	1.834601425	2.286759133	59.52662992	69.0219418	50.7
GSM2336907	0.360715346	0.707906652	28.57502226	35.86603969	30.8
GSM2336908	0.158523074	0.727184538	24.32898456	36.2708753	25.2
GSM2336909	1.725320547	2.122747118	57.23173148	65.57768947	56.3
GSM2336910	1.527678428	1.777132491	53.081247	58.3197823	58.5
GSM2336911	1.096240304	1.430446117	44.02104639	51.03936845	32.6
GSM2336912	0.072670404	0.5035654	22.52607848	31.5748734	25.1
GSM2336913	1.34167779	1.708991032	49.17523359	56.88881167	50.4
GSM2336914	1.779720064	2.053326067	58.37412134	64.11984742	52.4
GSM2336915	0.904934242	1.253785613	40.00361909	47.32949788	52.1
GSM2336916	1.520598054	1.796377598	52.93255913	58.72392955	58.1
GSM2336917	-0.228923343	0.243411926	15.70317957	26.11165044	25.2
GSM2336918	0.438427717	0.694928722	30.20698206	35.59350317	31.3
GSM2336919	0.153850912	0.549055733	24.23086916	32.53017039	20.5
GSM2336920	0.919684289	1.174777851	40.31337008	45.67033486	33.4
GSM2336921	0.654592912	0.839351505	34.74645115	38.62638161	30.3
GSM2336922	0.574316828	0.767421097	33.06065338	37.11584305	43.9
GSM2336923	-0.156516578	0.051413915	16.95746418	22.07969223	26.2
GSM2336924	0.976821028	1.218807065	41.51324159	46.59494836	42.7
GSM2336925	0.319425564	0.736204783	27.70793684	36.46030044	22.4
GSM2336926	0.402602438	0.655863345	29.45465119	34.77313025	24.3
GSM2336927	0.600363894	0.876688798	33.60764178	39.41046475	31.1
GSM2336928	1.124420996	1.449196633	44.61284092	51.4331293	38.2
GSM2336929	0.39797202	0.768890558	29.35741242	37.14670173	31.1
GSM2336930	0.565065513	1.002357003	32.86637577	42.04949705	24.3
GSM2336931	1.540574432	1.918281344	53.35206307	61.28390823	40.3
GSM2336932	1.581163868	2.034601092	54.20444123	63.72662293	30.3
GSM2336933	1.883204798	2.103888245	60.54730075	65.18165314	50.4
GSM2336934	0.321820493	0.617983115	27.75823034	33.97764541	30.8
GSM2336935	0.402006567	0.803727525	29.44213791	37.87827803	37.4
GSM2336936	0.140779223	0.531735781	23.95636368	32.1664514	25.1
GSM2336937	0.447846215	0.746804089	30.40477051	36.68288587	30.8
GSM2336938	0.195638797	0.740831934	25.10841474	36.55747062	23.4
GSM2336939	0.823036107	1.333960204	38.28375824	49.01316428	34.9
GSM2336940	0.849577669	1.170549676	38.84113105	45.5815432	38.6
GSM2336941	0.040589383	0.548893343	21.85237705	32.5267602	20.5
GSM2336942	0.943473065	1.332393567	40.81293437	48.98026491	33.1
GSM2336943	0.086891512	0.601409449	22.82472174	33.62959842	22.3
GSM2336944	0.861037367	1.419757652	39.0817847	50.8149107	38.6
GSM2336945	0.681689382	1.311136125	35.31547703	48.53385863	42.1
GSM2336946	-0.153353791	0.09338521	17.01434971	22.96108942	26.2
GSM2336947	0.711378067	1.205022429	35.93893941	46.30547102	32.6
GSM2336948	1.474930848	1.665219347	51.9735478	55.96960629	58.1
GSM2336949	0.937883782	1.445608849	40.69555941	51.35778584	40.2
GSM2336950	1.403643077	1.640704127	50.47650461	55.45478667	54.3
GSM2336951	0.800333756	1.209897745	37.80700887	46.40785265	29.8
GSM2336952	1.241562909	1.741617795	47.07282109	57.57397371	30.7
GSM2336953	1.420737549	1.805216021	50.83548852	58.90953644	42.8
GSM2336954	-0.329211671	0.30531475	14.10930481	27.41160975	18.3
GSM2336955	1.036843968	1.524641151	42.77372332	53.01746417	40.3
GSM2336956	0.732074804	1.137596332	36.37357088	44.88952298	42.7
GSM2336957	0.657939034	0.981055345	34.81671972	41.60216224	43.9
GSM2336958	-0.200765876	0.587418049	16.18018289	33.33577902	18.3
GSM2336959	0.920914984	1.086662033	40.33921467	43.8199027	37.5
GSM2336960	-0.02415224	0.344876933	19.49887891	28.2424156	19.1
GSM2336961	0.419342293	0.8574938	29.80618816	39.00736979	30.8
GSM2336962	-0.077675049	0.58996422	18.43056591	33.38924861	18.3
GSM2336963	0.674165026	1.161523219	35.15746554	45.3919876	30.7
GSM2336964	0.5711758	0.923202478	32.9946918	40.38725204	30.8
GSM2336965	1.457100511	1.694123581	51.59911073	56.5765952	41.5
GSM2336966	1.408824058	1.550074173	50.58530521	53.55155763	58.1
GSM2336967	1.608134221	2.081673753	54.77081864	64.71514882	54.3
GSM2336968	-0.009938557	0.307503495	19.79232402	27.45757339	22.6
GSM2336969	0.353189882	0.753094904	28.41698753	36.81499298	27.9
GSM2336970	-0.115833256	0.509872108	17.70309806	31.70731427	18.3
GSM2336971	0.774733391	0.956730088	37.26940122	41.09133185	31.1
GSM2336972	0.419955234	0.906572022	29.81905992	40.03801246	31.3
GSM2336973	0.407574355	0.776172141	29.55906146	37.29961496	24.3
GSM2336974	-0.101355848	0.299913246	17.97583998	27.29817816	20.5
GSM2336975	0.79133485	1.229969305	37.61803186	46.8293554	42.7
GSM2336976	0.130260825	0.576036701	23.73547732	33.09677072	26.5
GSM2336977	0.004623605	0.691799443	21.09709571	35.5277883	22.4
GSM2336978	0.251167547	0.565430598	26.27451848	32.87404256	30.8
GSM2336979	-0.072828295	0.283793505	18.52496967	26.95966361	22.6
GSM2336980	0.966168714	1.216410828	41.28954299	46.54462739	41.5
GSM2336981	1.296798538	1.682105376	48.23276929	56.32421289	49.1
GSM2336982	0.920754498	1.115155938	40.33584446	44.41827471	38.2
GSM2336983	0.263782533	0.671589306	26.5394332	35.10337543	24.3
GSM2336984	0.656072158	0.910889706	34.77751532	40.12868382	33.7
GSM2336985	0.069539956	0.511041849	22.46033907	31.73187882	21.1
GSM2336986	1.870258706	2.146419142	60.27543283	66.07480199	58.4
GSM2336987	0.669871155	1.032558322	35.06729426	42.68372476	42.1
GSM2336988	2.54374906	2.98256268	74.41873026	83.63381628	62.4
GSM2336989	0.970464333	1.360908025	41.379751	49.57906852	40.2
GSM2336990	0.67744024	1.104798604	35.22624504	44.20077068	34.9
GSM2336991	0.717578527	1.174700902	36.06914907	45.66871895	29.9
GSM2336992	0.83572446	1.34448664	38.55021366	49.23421943	34.5
GSM2336993	1.716269043	1.996980243	57.0416499	62.93658511	52.4
GSM2336994	0.51102354	0.961554548	31.73149433	41.19264552	30.7
GSM2336995	0.469543982	1.141301109	30.86042361	44.96732328	23.4
GSM2336996	0.804990682	1.248741876	37.90480433	47.2235794	33.7
GSM2336997	0.83744784	1.391195544	38.58640464	50.21510642	38.6
GSM2336998	0.363594285	0.745016371	28.63547998	36.64534379	27.9
GSM2336999	0.984967001	1.493239217	41.68430702	52.35802355	42.1
GSM2337000	0.685176366	1.124482352	35.38870369	44.6141294	30.8
GSM2337001	0.538936938	1.17705448	32.31767571	45.71814407	23.4
GSM2337002	0.523679709	0.944061345	31.9972739	40.82528825	30.5
GSM2337003	1.257677721	1.525482758	47.41123214	53.03513792	52.5
GSM2337004	1.568370651	1.90483664	53.93578367	61.00156943	56.3
GSM2337005	0.496585366	0.832987947	31.42829268	38.49274689	34.5
GSM2337006	1.079065184	1.446661755	43.66036886	51.37989686	49.1
GSM2337007	1.149612431	1.532478864	45.14186105	53.18205615	42.8
GSM2337008	0.547473155	1.005302264	32.49693625	42.11134755	27.6
GSM2337009	0.165175171	0.710956162	24.4686786	35.93007941	29.8
GSM2337010	0.301216632	0.749951855	27.32554927	36.74898896	26.7
GSM2337011	-0.051138264	0.268868338	18.95309309	26.64623509	22.4
GSM2337012	0.2477765	0.494030877	26.20330651	31.37464841	26.2
GSM2337013	0.858393632	1.280181311	39.02626628	47.88380753	34.5
GSM2337014	0.293766953	0.993508627	27.16910602	41.86368116	19.7
GSM2337015	1.117980068	1.345721406	44.47758143	49.26014952	37.5
GSM2337016	1.452208211	1.749494577	51.49637243	57.73938612	58.1
GSM2337017	1.304540928	1.830488871	48.3953595	59.44026629	40.2
GSM2337018	0.300786908	0.715470172	27.31652506	36.02487361	21.1
GSM2337019	1.278692249	1.533028473	47.85253723	53.19359793	50.7
GSM2337020	-0.116132359	0.39083985	17.69750475	29.20763684	20.5
GSM2337021	0.748187914	1.144323501	36.7119462	45.03079352	30.8
GSM2337022	0.396357519	0.77139372	29.32350791	37.19926813	30.3
GSM2337023	0.976804363	1.398768095	41.51289161	50.37412998	38.4
GSM2337024	0.307199697	0.776003196	27.45119365	37.29606712	26.7
GSM2337025	0.56615701	1.072551989	32.88929721	43.52359177	29.8
GSM2337026	1.00271657	1.319589273	42.05704796	48.71137474	37.4
GSM2337027	1.645899674	1.986711003	55.56389314	62.72093106	54.3
GSM2337028	0.903412958	1.38854659	39.97167212	50.15947838	38.5
GSM2337029	0.625332772	1.218457594	34.13198821	46.58760947	30.8
GSM2337030	0.343531126	0.524593591	28.21415364	32.01646542	30.3
GSM2337031	0.709874032	0.910748597	35.90735468	40.12572054	42.7
GSM2337032	0.467621685	0.971229502	30.82005539	41.39581955	23.4
GSM2337033	0.317158805	0.807927611	27.66033491	37.96647984	26.5
GSM2337034	-0.035090761	0.520445402	19.2758734	31.92935345	21.1
GSM2337035	0.433015629	0.84180088	30.09332822	38.67781848	30.5
GSM2337036	0.330367963	0.654460411	27.93772721	34.74366863	30.8
GSM2337037	0.030942249	0.610027958	21.64978724	33.81058712	22.4
GSM2337038	0.34177937	0.77012218	28.17736676	37.17256577	19.1
GSM2337039	0.43585243	0.723484502	30.15290103	36.19317453	25.1
GSM2337040	0.186410323	0.572194441	24.91461678	33.01608326	27.6
GSM2337041	0.453394891	0.883952581	30.52129271	39.56300419	27.9
GSM2337042	0.130149408	0.501244458	23.73313756	31.52613361	25.2
GSM2337043	1.519061709	1.929570132	52.9002959	61.52097276	52.4
GSM2337044	0.830280714	1.297354629	38.435895	48.24444721	30.8
GSM2337045	0.816274948	1.216659904	38.14177391	46.54985798	38.2
GSM2337046	2.148151749	2.568316189	66.11118674	74.93463997	58.5
GSM2337047	1.949955851	2.251115862	61.94907287	68.27343311	63.7
GSM2337048	2.079733494	2.29048104	64.67440337	69.10010184	62.4
GSM2337049	0.102786346	0.835689955	23.15851327	38.54948905	19.7
GSM2337050	1.152848087	1.456923981	45.20980983	51.5954036	42.8
GSM2337051	0.351963174	0.799127373	28.39122666	37.78167483	34.9
GSM2337052	0.565258126	0.811117811	32.87042065	38.03347403	37.5
GSM2337053	0.633785232	1.058178459	34.30948988	43.22174763	30.3
GSM2337054	0.391076058	0.739669324	29.21259722	36.53305581	26.5
GSM2337055	0.267096264	0.627048816	26.60902155	34.16802513	27.3
GSM2337056	-0.1302319	0.361840129	17.43572831	28.5986427	19.1
GSM2337057	0.268359154	0.710417997	26.63554223	35.91877793	25.5
GSM2786034	2.122952308	2.34147539	65.58199847	70.17098319	73.5
GSM2786060	2.013784935	2.096794962	63.28948364	65.03269421	69.5
GSM2786006	1.876141448	2.248045874	60.3989704	68.20896335	52.5
GSM2785994	1.511906376	1.59181999	52.75003389	54.4282198	55.5
GSM2785983	1.146345032	1.223542446	45.07324567	46.69439136	47.5
GSM2786000	1.76877732	2.03648647	58.14432372	63.76621586	64.5
GSM2786015	2.187947951	2.330903898	66.94690698	69.94898185	72.5
GSM2785965	0.808073829	0.951159225	37.96955041	40.97434372	48.5
GSM2786005	1.861372723	1.913384942	60.08882719	61.18108378	61.5
GSM2786009	2.132628213	1.989117178	65.78519248	62.77146074	55.5
GSM2785997	1.337996822	1.378248229	49.09793326	49.9432128	52.5
GSM2786013	2.03977706	2.092437632	63.83531826	64.94119026	67.5
GSM2785972	1.579905007	1.69382202	54.17800515	56.57026241	66.5
GSM2785985	1.814242055	1.991535835	59.09908315	62.82225253	55.5
GSM2786007	1.736522125	1.781553455	57.46696462	58.41262255	62.5
GSM2786029	1.967283812	2.171510233	62.31296006	66.6017149	63.5
GSM2786017	1.454523779	1.618835611	51.54499936	54.99554784	62.5
GSM2785986	1.313799378	1.448356163	48.58978693	51.41547943	68.5
GSM2785984	2.238001554	2.432494412	67.99803264	72.08238265	74.5
GSM2786008	2.7401219	3.039711202	78.5425599	84.83393523	73.5
GSM2785990	1.761534547	1.993481077	57.99222549	62.86310261	63.5
GSM2785999	1.809485231	1.97018781	58.99918985	62.37394401	64.5
GSM2785968	1.88927735	2.071390597	60.67482434	64.49920255	77.5
GSM2785973	2.095543993	2.058843299	65.00642385	64.23570927	65.5
GSM2785996	2.11364214	2.309085516	65.38648494	69.49079583	71.5
GSM2785971	1.825306242	2.039738089	59.33143107	63.83449988	68.5
GSM2786004	2.526866875	2.728314619	74.06420437	78.294607	75.5
GSM2785978	2.31597234	2.403952723	69.63541913	71.48300719	63.5
GSM2786059	1.122820542	1.383409742	44.57923138	50.05160457	76.5
GSM2785992	1.514908345	1.609939362	52.81307525	54.80872659	48.5
GSM2786023	2.074150087	2.245845125	64.55715183	68.16274762	60.5
GSM2786057	1.584676275	1.723115084	54.27820178	57.18541676	61.5
GSM2785987	1.533075495	1.586456201	53.1945854	54.31558022	62.5
GSM2786003	2.034552244	2.020435944	63.72559712	63.42915482	61.5
GSM2786001	1.723331866	1.93224762	57.18996918	61.57720002	57.5
GSM2785980	1.738077549	1.802584782	57.49962853	58.85428041	62.5
GSM2785993	1.222340134	1.372972371	46.6691428	49.83241978	54.5
GSM2786010	0.731992537	0.968623663	36.37184328	41.34109693	47.5
GSM2785981	2.176778022	2.237855975	66.71233847	67.99497547	72.5
GSM2785974	2.228721097	2.296277901	67.80314304	69.22183591	58.5
GSM2786011	2.175560107	2.411057203	66.68676226	71.63220127	72.5
GSM2786002	2.600042711	2.704598897	75.60089693	77.79657683	71.5
GSM2786025	1.304175733	1.29908256	48.3876904	48.28073375	47.5
GSM2785982	1.545826324	1.799089995	53.4623528	58.7808899	56.5
GSM2785995	1.907919296	2.100946735	61.06630522	65.11988143	77.5
GSM2785979	1.464173142	1.599454203	51.74763599	54.58853827	52.5
GSM2785991	0.115439096	0.515536784	23.42422101	31.82627246	27.5
GSM2786021	1.962230889	2.102806785	62.20684867	65.15894248	73.5
GSM2785970	1.207966422	1.344785198	46.36729487	49.24048917	53.5
GSM2785989	1.985100319	2.145381125	62.6871067	66.05300363	75.5
GSM2785975	1.882836372	1.893093863	60.53956381	60.75497112	71.5
GSM2785969	2.029652638	2.338446821	63.6227054	70.10738323	71.5
GSM2785998	1.634585085	1.643430576	55.32628679	55.51204209	63.5
GSM2786014	2.217639767	2.538426325	67.5704351	74.30695282	63.5
GSM2785964	0.180032079	0.381147094	24.78067365	29.00408897	27.5
GSM2785966	1.131295613	1.290382824	44.75720787	48.09803931	56.5
GSM2786027	2.493368923	2.378421112	73.36074739	70.94684335	64.5
GSM2786062	2.142550089	2.191579287	65.99355188	67.02316502	73.5
GSM2785988	1.734646118	1.945168681	57.42756848	61.84854229	70.5
GSM2785977	2.142321673	2.138922421	65.98875513	65.91737083	75.5
GSM2786012	1.681185969	1.892919641	56.30490534	60.75131247	54.5
GSM2786026	2.377905414	2.414746403	70.9360137	71.70967447	77.5
GSM2785967	1.366536538	1.3686317	49.69726729	49.7412657	55.5
GSM2786016	2.537104387	2.512222801	74.27919212	73.75667882	75.5
GSM2785976	2.168572333	2.419890718	66.540019	71.81770508	59.5
GSM2877334	-0.06633756	0.277217477	18.65211327	26.82156702	20.5
GSM2877335	-0.010940983	0.415405352	19.77149168	29.72351239	24.5
GSM2877336	-0.054541115	0.327769944	18.88531108	27.88316883	18.5
GSM2877337	0.535378759	0.926319709	32.24295393	40.45271388	24.5
GSM2877338	-0.22074156	0.203862631	15.84040197	25.28111525	21.5
GSM2877339	0.244629135	0.672231127	26.13721183	35.11685367	28.5
GSM2877340	-0.125854384	0.341032459	17.5166079	28.16168164	20.5
GSM2877341	0.304525936	0.730846014	27.39504466	36.3477663	28.5
GSM2877342	-0.107524984	0.387594025	17.85913578	29.13947452	23.5
GSM2877343	0.058989817	0.473777146	22.23878616	30.94932007	26.5
GSM2877344	-0.212077661	0.052121316	15.98693937	22.09454763	29.5
GSM2877345	0.397713891	0.797030766	29.3519917	37.73764609	27.5
GSM2877346	0.073795732	0.540939383	22.54971037	32.35972704	19.5
GSM2877347	0.475049996	0.849639734	30.97604992	38.84243441	21.5
GSM2877348	0.023134054	0.416238993	21.48581512	29.74101885	19.5
GSM2877349	0.578592189	0.945707948	33.15043596	40.85986691	25.5
GSM2877350	-0.082309817	0.385504913	18.34071812	29.09560318	20.5
GSM2877351	0.185298019	0.6055981	24.89125841	33.7175601	24.5
GSM2877352	-0.074484444	0.315089681	18.49266019	27.61688331	21.5
GSM2877353	0.538313608	0.986521533	32.30458576	41.71695219	22.5
GSM2877354	0.387688511	0.801142797	29.14145873	37.82399873	23.5
GSM2877355	0.583026927	1.020494567	33.24356547	42.43038591	20.5
GSM2877356	0.58388415	1.106177007	33.26156715	44.22971714	18.5
GSM2877357	0.535738069	0.964310852	32.25049946	41.2505279	27.5
GSM3080999	0.403559819	0.706531105	29.47475621	35.83715321	27.5
GSM3081006	0.386535768	0.538195386	29.11725112	32.30210311	27.5
GSM3081000	-0.033699376	0.258720283	19.30410458	26.43312595	26.5
GSM3081005	0.423615317	0.65676632	29.89592165	34.79209273	22.5
GSM3081001	0.382687835	0.668327406	29.03644454	35.03487553	26.5
GSM3081007	0.365925609	0.785555612	28.68443779	37.49666785	24.5
GSM3080996	0.40581236	0.597243555	29.52205956	33.54211466	26.5
GSM3081002	0.326959707	0.472260689	27.86615384	30.91747447	28.5
GSM3080997	0.393010166	0.54434903	29.25321348	32.43132963	25.5
GSM3081004	-0.074376972	0.283237431	18.49475521	26.94798604	29.5
GSM3080998	0.186863255	0.474023271	24.92412836	30.95448868	22.5
GSM3081003	-0.175126788	0.199401551	16.62636249	25.18743258	18.5
GSM1506336	1.812741501	2.130252981	59.06757152	65.7353126	60.5
GSM1506342	1.969741283	2.142242383	62.36456695	65.98709003	60.5
GSM1506337	2.496734753	2.742297111	73.43142982	78.58823933	60.5
GSM1506343	2.240451336	2.417420379	68.04947806	71.76582797	60.5
GSM1506338	1.581461925	1.862602019	54.21070043	60.11464239	60.5
GSM1506344	1.726880721	1.966994469	57.26449515	62.30688385	60.5
GSM1506339	1.568356233	1.636689632	53.93548089	55.37048227	59.5
GSM1506345	1.522825841	1.603308459	52.97934266	54.66947763	60.5
GSM1506340	1.774836412	1.918939348	58.27156466	61.29772631	59.5
GSM1506346	1.792807584	1.962798142	58.64895926	62.21876098	59.5
GSM1506341	2.037907921	2.163555473	63.79606634	66.43466493	59.5
GSM1506347	1.986588911	2.138997651	62.71836712	65.91895067	59.5
GSM1506300	2.279766474	2.412438087	68.87509595	71.66119982	66.5
GSM1506306	1.836145533	2.026585523	59.5590562	63.55829599	66.5
GSM1506301	2.210697172	2.341444198	67.42464061	70.17032817	65.5
GSM1506307	2.537206948	2.798971262	74.2813459	79.7783965	65.5
GSM1506302	2.641777257	2.914790279	76.47732239	82.21059585	65.5
GSM1506308	2.278864156	2.44478359	68.85614727	72.34045539	65.5
GSM1506303	2.066923668	2.146814774	64.40539704	66.08311025	64.5
GSM1506309	1.970538214	2.121327075	62.38130249	65.54786856	64.5
GSM1506304	1.684082121	1.985373514	56.36572454	62.69284379	63.5
GSM1506310	1.554379718	1.827536288	53.64197408	59.37826205	63.5
GSM1506305	2.133966334	2.314305731	65.81329302	69.60042035	63.5
GSM1506311	2.038699544	2.196027195	63.81269043	67.1165711	63.5
GSM1506348	0.087457587	0.399210363	22.83660933	29.38341761	31.5
GSM1506354	0.519141942	0.760358099	31.90198078	36.96752008	31.5
GSM1506349	0.469401589	0.767215033	30.85743338	37.1115157	31.5
GSM1506355	0.612269551	0.779250687	33.85766056	37.36426442	31.5
GSM1506350	1.139861679	1.459067232	44.93709525	51.64041188	31.5
GSM1506356	0.876244702	1.165443715	39.40113874	45.47431801	32.5
GSM1506351	0.815164057	1.056963347	38.1184452	43.19623029	31.5
GSM1506357	0.77413913	1.056732521	37.25692172	43.19138294	31.5
GSM1506352	0.528183007	0.871623524	32.09184314	39.304094	31.5
GSM1506358	0.51843966	0.830926917	31.88723287	38.44946525	31.5
GSM1506353	0.454420183	0.746333716	30.54282385	36.67300803	30.5
GSM1506359	0.306148572	0.652853933	27.42912001	34.70993259	30.5
GSM1506276	2.333475235	2.537144113	70.00297994	74.28002638	74.5
GSM1506282	2.309745376	2.453676739	69.50465289	72.52721152	73.5
GSM1506277	2.171308829	2.307223543	66.5974854	69.4516944	71.5
GSM1506283	2.224420229	2.320558076	67.7128248	69.73171959	71.5
GSM1506278	2.036881499	2.3608539	63.77451148	70.57793191	71.5
GSM1506284	2.513274389	2.804367319	73.77876216	79.8917137	71.5
GSM1506279	2.075999752	2.270740693	64.5959948	68.68555454	70.5
GSM1506285	2.500800747	2.716114676	73.51681569	78.0384082	70.5
GSM1506280	2.307707842	2.507492638	69.46186469	73.6573454	70.5
GSM1506286	2.492618797	2.716386306	73.34499474	78.04411242	70.5
GSM1506281	2.168124833	2.471775953	66.5306215	72.90729501	70.5
GSM1506287	2.106755051	2.293525944	65.24185608	69.16404483	70.5
GSM1506324	1.851446097	1.892397907	59.88036804	60.74035604	62.5
GSM1506330	1.835568512	1.986313704	59.54693875	62.71258778	62.5
GSM1506325	1.555375259	1.716876734	53.66288043	57.05441142	62.5
GSM1506331	1.718250869	2.017999463	57.08326824	63.37798873	62.5
GSM1506326	1.886414311	2.060728161	60.61470054	64.27529138	60.5
GSM1506332	1.896630008	2.150938998	60.82923017	66.16971896	60.5
GSM1506327	0.817691465	1.17632352	38.17152076	45.70279392	35.5
GSM1506333	0.688249744	0.968785187	35.45324463	41.34448892	35.5
GSM1506328	1.505851575	1.743287543	52.62288308	57.6090384	60.5
GSM1506334	1.524915925	1.786788349	53.02323442	58.52255532	60.5
GSM1506329	2.024435683	2.413043551	63.51314935	71.67391456	60.5
GSM1506335	1.606653001	2.060500371	54.73971301	64.2705078	60.5
GSM1506360	2.498257013	2.844504454	73.46339726	80.73459354	74.5
GSM1506366	2.12924358	2.270310954	65.71411517	68.67653003	74.5
GSM1506361	2.204556825	2.346620575	67.29569333	70.27903207	68.5
GSM1506367	2.336062254	2.382977601	70.05730733	71.04252962	68.5
GSM1506362	2.34416046	2.501643383	70.22736966	73.53451104	67.5
GSM1506368	2.300297639	2.518207735	69.30625041	73.88236244	67.5
GSM1506363	1.965878941	2.230093716	62.28345777	67.83196805	66.5
GSM1506369	2.050798195	2.231623105	64.0667621	67.8640852	66.5
GSM1506364	1.924276544	2.176617258	61.40980742	66.70896243	65.5
GSM1506370	1.848485284	2.248740344	59.81819097	68.22354722	65.5
GSM1506365	1.360857288	1.541837118	49.57800304	53.37857947	65.5
GSM1506371	2.078010153	2.239755456	64.6382132	68.03486457	65.5
GSM1506312	1.863879616	1.985513102	60.14147193	62.69577514	63.5
GSM1506318	2.091717595	2.369911533	64.92606949	70.76814218	63.5
GSM1506313	1.809384953	2.062509059	58.99708402	64.31269025	62.5
GSM1506319	1.770867005	1.878360261	58.18820711	60.44556549	62.5
GSM1506314	2.2220039	2.383368906	67.6620819	71.05074703	62.5
GSM1506320	2.191148907	2.432835316	67.01412706	72.08954164	62.5
GSM1506315	2.06396076	2.256097476	64.34317596	68.378047	63.5
GSM1506321	1.956405718	2.133232841	62.08452009	65.79788967	63.5
GSM1506316	2.01322058	2.058984749	63.27763218	64.23867972	62.5
GSM1506322	1.9974497	2.033183438	62.9464437	63.69685219	62.5
GSM1506564	0.815667247	1.171410085	38.1290122	45.59961179	33.5
GSM1506570	0.800795997	1.076094563	37.81671594	43.59798582	33.5
GSM1506565	0.884790334	1.057477377	39.58059702	43.20702492	33.5
GSM1506571	0.662650015	0.935300666	34.91565031	40.64131398	33.5
GSM1506566	0.536233102	0.719293152	32.26089514	36.10515619	33.5
GSM1506572	0.503382514	0.791780128	31.5710328	37.62738268	33.5
GSM1506567	0.759784165	0.94204632	36.95546747	40.78297272	31.5
GSM1506573	0.562702855	0.868713803	32.81675995	39.24298986	31.5
GSM1506568	0.769008033	1.092613313	37.14916868	43.94487957	30.5
GSM1506574	1.006778132	1.185496748	42.14234078	45.89543171	30.5
GSM1506569	2.092369959	2.210361198	64.93976914	67.41758515	69.5
GSM1506575	2.050333978	2.309045675	64.05701353	69.48995917	69.5
GSM1506528	0.320867686	0.56187881	27.7382214	32.79945502	33.5
GSM1506534	0.692959776	0.945590492	35.55215529	40.85740034	33.5
GSM1506529	0.882563226	1.152416801	39.53382776	45.20075282	33.5
GSM1506535	1.247762384	1.438703512	47.20301006	51.21277375	32.5
GSM1506530	0.909299854	1.170674939	40.09529693	45.58417371	32.5
GSM1506536	0.98548863	1.287241573	41.69526123	48.03207303	32.5
GSM1506531	0.722560325	1.150581192	36.17376683	45.16220503	32.5
GSM1506537	0.652360309	0.968909502	34.6995665	41.34709954	32.5
GSM1506532	0.461087746	0.804153155	30.68284266	37.88721626	31.5
GSM1506538	0.667017269	0.961329141	35.00736266	41.18791196	31.5
GSM1506533	0.772792941	0.966162164	37.22865176	41.28940544	32.5
GSM1506539	0.66985428	0.873322834	35.06693987	39.3397795	31.5
GSM1506288	2.498883825	2.730772178	73.47656032	78.34621573	70.5
GSM1506294	2.235091033	2.417016259	67.9369117	71.75734144	70.5
GSM1506289	1.905395532	2.054989965	61.01330617	64.15478927	68.5
GSM1506295	1.930929198	2.00080363	61.54951316	63.01687623	68.5
GSM1506290	2.133958387	2.322340974	65.81312613	69.76916046	68.5
GSM1506296	2.215101239	2.386502778	67.51712601	71.11655834	68.5
GSM1506291	2.474916746	2.669728123	72.97325167	77.06429058	67.5
GSM1506297	2.789158338	2.859137379	79.57232511	81.04188496	67.5
GSM1506292	2.230869987	2.222809493	67.84826973	67.67899936	66.5
GSM1506298	2.30268732	2.406189136	69.35643371	71.52997186	66.5
GSM1506293	1.874862096	1.96438048	60.37210401	62.25199009	66.5
GSM1506299	1.842880393	1.967594882	59.70048825	62.31949253	66.5
GSM1506540	2.072254621	2.446564121	64.51734704	72.37784654	64.5
GSM1506546	2.341066614	2.639973707	70.16239889	76.43944785	64.5
GSM1506541	2.256331414	2.460223494	68.3829597	72.66469337	64.5
GSM1506547	2.063641588	2.398738908	64.33647335	71.37351706	64.5
GSM1506542	1.794399234	1.895410483	58.68238392	60.80362015	63.5
GSM1506548	1.756390427	1.836487447	57.88419896	59.56623639	63.5
GSM1506543	1.704765461	1.841318795	56.80007468	59.6676947	60.5
GSM1506549	1.392687309	1.72461436	50.2464335	57.21690156	60.5
GSM1506544	1.220547044	1.601382279	46.63148793	54.62902785	59.5
GSM1506550	1.289834914	1.58220432	48.0865332	54.22629072	59.5
GSM1506545	1.741039034	1.862956835	57.56181971	60.12209354	57.5
GSM1506551	1.937958263	2.007094317	61.69712352	63.14898065	57.5
GSM1506480	2.255150511	2.397456681	68.35816073	71.34659029	61.5
GSM1506486	2.012319737	2.269879643	63.25871447	68.66747251	61.5
GSM1506481	1.804208764	2.005106981	58.88838404	63.10724661	61.5
GSM1506487	2.06466459	2.249465572	64.35795639	68.23877701	61.5
GSM1506482	1.952449331	2.142160233	62.00143596	65.98536489	61.5
GSM1506488	1.949334547	2.141953208	61.93602549	65.98101736	61.5
GSM1506483	1.971520324	2.163957651	62.40192681	66.44311066	61.5
GSM1506489	2.103459612	2.213048802	65.17265184	67.47402483	61.5
GSM1506484	1.80168579	1.850672362	58.83540159	59.86411961	61.5
GSM1506490	1.656296745	1.772066852	55.78223164	58.21340389	61.5
GSM1506485	1.774995187	1.979254029	58.27489892	62.56433461	61.5
GSM1506491	1.825358606	2.095564866	59.33253073	65.00686218	61.5
GSM1506552	0.893023845	1.180483398	39.75350074	45.79015136	36.5
GSM1506558	0.988281061	1.210437293	41.75390228	46.41918314	36.5
GSM1506553	0.800323469	1.013078827	37.80679285	42.27465537	35.5
GSM1506559	0.812404413	1.065034743	38.06049266	43.36572961	35.5
GSM1506554	0.731345353	1.042691812	36.35825241	42.89652805	35.5
GSM1506560	0.795353337	1.147506991	37.70242007	45.09764681	35.5
GSM1506555	0.75174074	0.941353519	36.78655554	40.76842389	34.5
GSM1506561	0.803564442	1.085191101	37.87485328	43.78901311	34.5
GSM1506556	1.0541036	1.313534943	43.13617559	48.58423381	34.5
GSM1506562	0.918530876	1.203141053	40.2891484	46.2659621	34.5
GSM1506557	0.744670814	0.882714542	36.6380871	39.53700538	33.5
GSM1506563	0.939127677	1.190601298	40.72168122	46.00262726	33.5
GSM1506504	1.100966722	1.404293412	44.12030117	50.49016164	37.5
GSM1506510	1.021247117	1.272347209	42.44618946	47.71929139	37.5
GSM1506505	0.842945472	1.07024519	38.7018549	43.47514899	36.5
GSM1506511	0.988286567	1.22228694	41.7540179	46.66802574	36.5
GSM1506506	1.033433241	1.316352226	42.70209805	48.64339674	36.5
GSM1506512	1.009256176	1.361050015	42.1943797	49.58205032	36.5
GSM1506507	1.080028202	1.432521743	43.68059224	51.0829566	36.5
GSM1506513	1.016064608	1.464320382	42.33735676	51.75072802	36.5
GSM1506508	0.754412942	0.939120384	36.84267177	40.72152807	36.5
GSM1506514	0.829927531	1.077475072	38.42847815	43.6269765	36.5
GSM1506509	0.722979929	0.965667417	36.18257851	41.27901576	36.5
GSM1506515	0.85736451	1.118433093	39.00465471	44.48709496	36.5
GSM1506516	0.823118629	1.063652591	38.28549121	43.33670442	34.5
GSM1506522	0.756949442	1.006276184	36.89593829	42.13179986	34.5
GSM1506517	0.834550324	1.100018123	38.52555681	44.10038058	34.5
GSM1506523	0.811627461	1.212445355	38.04417668	46.46135245	34.5
GSM1506518	0.425626625	0.737422701	29.93815912	36.48587673	33.5
GSM1506524	0.616107495	0.913197496	33.93825739	40.17714742	33.5
GSM1506519	0.70808338	1.0673837	35.86975099	43.4150577	34.5
GSM1506525	0.571558438	1.155459541	33.0027272	45.26465037	34.5
GSM1506520	0.427338661	0.732499476	29.97411188	36.38248899	33.5
GSM1506526	0.673711313	1.022394041	35.14793757	42.47027487	33.5
GSM1506521	0.827550167	1.123586624	38.37855351	44.5953191	33.5
GSM1506527	0.580900972	0.909450643	33.19892041	40.0984635	33.5
GSM1506468	2.092420128	2.331655166	64.94082269	69.96475849	64.5
GSM1506474	2.20774949	2.311812524	67.36273929	69.548063	64.5
GSM1506469	1.904766823	2.086625375	61.00010328	64.81913287	63.5
GSM1506475	1.922522912	1.987774429	61.37298114	62.74326302	63.5
GSM1506470	2.025788295	2.367071427	63.54155419	70.70849996	63.5
GSM1506476	2.29550941	2.423701743	69.20569761	71.89773661	63.5
GSM1506471	1.81508046	2.07339953	59.11668965	64.54139014	62.5
GSM1506477	2.07563783	2.090554668	64.58839442	64.90164802	62.5
GSM1506472	1.87208911	2.145364946	60.3138713	66.05266387	62.5
GSM1506478	2.061182193	2.11818764	64.28482605	65.48194045	62.5
GSM1506473	1.99539536	2.155652292	62.90330256	66.26869813	62.5
GSM1506479	1.870518273	2.052066536	60.28088373	64.09339726	62.5
GSM1506492	1.584535841	1.823715535	54.27525267	59.29802624	60.5
GSM1506498	1.591343308	1.834693235	54.41820948	59.52855793	60.5
GSM1506493	1.965648474	2.090546321	62.27861794	64.90147274	59.5
GSM1506499	1.711130589	1.782908839	56.93374236	58.44108561	59.5
GSM1506494	0.658374341	1.034347325	34.82586117	42.72129382	35.5
GSM1506500	0.85683563	1.180341147	38.99354823	45.78716409	35.5
GSM1506495	1.485082824	1.628605231	52.1867393	55.20070985	59.5
GSM1506501	1.631609828	1.781494937	55.2638064	58.41139368	59.5
GSM1506496	1.923599024	2.207107786	61.3955795	67.34926351	58.5
GSM1506502	1.974942549	2.096512689	62.47379352	65.02676648	58.5
GSM1506497	2.079703481	2.169447002	64.6737731	66.55838705	58.5
GSM1506503	2.044823959	2.188276544	63.94130313	66.95380743	57.5
GSM1506420	0.985997882	1.416590093	41.70595552	50.74839194	32.5
GSM1506426	1.114490663	1.370563956	44.40430392	49.78184307	32.5
GSM1506421	0.704061643	1.165232739	35.7852945	45.46988751	32.5
GSM1506427	0.547017541	0.885777628	32.48736835	39.60133019	32.5
GSM1506422	0.340617236	0.617808224	28.15296197	33.9739727	31.5
GSM1506428	0.567450946	0.971468433	32.91646987	41.40083709	31.5
GSM1506423	0.630787351	1.016336954	34.24653436	42.34307604	31.5
GSM1506429	0.770622766	1.04519019	37.18307809	42.94899399	31.5
GSM1506424	0.402660262	0.919280998	29.45586551	40.30490097	31.5
GSM1506430	0.233000513	0.831510595	25.89301077	38.4617225	31.5
GSM1506425	0.552466044	0.794332172	32.60178693	37.6809756	31.5
GSM1506431	0.465363158	0.740536076	30.77262632	36.5512576	31.5
GSM1506456	1.175802417	1.333021729	45.69185076	48.99345631	34.5
GSM1506462	1.088617597	1.278152541	43.86096954	47.84120336	36.5
GSM1506457	0.765059129	1.011135996	37.06624172	42.23385592	35.5
GSM1506463	1.022773466	1.26984483	42.47824279	47.66674142	35.5
GSM1506458	1.240627294	1.406855293	47.05317316	50.54396115	35.5
GSM1506464	0.86641323	1.076649755	39.19467783	43.60964486	35.5
GSM1506459	0.567608029	0.833739572	32.91976861	38.50853101	31.5
GSM1506465	0.699339327	1.04904301	35.68612587	43.0299032	31.5
GSM1506460	0.591289676	0.847883741	33.4170832	38.80555856	31.5
GSM1506466	0.595100719	0.822251894	33.49711509	38.26728978	31.5
GSM1506461	2.199561634	2.347024273	67.19079432	70.28750972	67.5
GSM1506467	2.266006557	2.344054781	68.5861377	70.22515039	67.5
GSM1506384	0.721285445	1.099550982	36.14699434	44.09057063	36.5
GSM1506390	0.795177875	1.056325858	37.69873537	43.18284302	36.5
GSM1506385	1.00958966	1.350129927	42.20138287	49.35272846	36.5
GSM1506391	0.839094157	1.050683441	38.6209773	43.06435226	36.5
GSM1506386	0.900776622	1.123756332	39.91630907	44.59888298	36.5
GSM1506392	0.415482173	0.681261925	29.72512564	35.30650043	36.5
GSM1506387	1.201116762	1.526077722	46.22345199	53.04763217	35.5
GSM1506393	0.82574563	1.398310903	38.34065822	50.36452897	35.5
GSM1506388	0.714851821	1.061622777	36.01188825	43.29407831	35.5
GSM1506394	0.835082126	1.084713194	38.53672464	43.77897707	35.5
GSM1506389	0.705341176	1.138739523	35.8121647	44.91352998	35.5
GSM1506395	0.890727401	1.249166334	39.70527542	47.23249301	35.5
GSM1506444	0.526247983	0.862670083	32.05120764	39.11607175	30.5
GSM1506450	0.443745223	0.828679534	30.31864969	38.40227022	30.5
GSM1506445	2.063875992	2.343314617	64.34139584	70.20960697	68.5
GSM1506451	2.328516937	2.575469275	69.89885567	75.08485478	68.5
GSM1506446	1.583698263	1.880844619	54.25766351	60.497737	66.5
GSM1506452	2.164431629	2.216465003	66.45306422	67.54576506	66.5
GSM1506447	2.224545843	2.405585462	67.71546271	71.51729469	65.5
GSM1506453	2.471517762	2.685709475	72.90187299	77.39989898	65.5
GSM1506448	2.302768587	2.220491138	69.35814033	67.63031391	64.5
GSM1506454	2.158681836	2.223972757	66.33231856	67.70342789	64.5
GSM1506449	2.630329933	2.699502935	76.23692859	77.68956163	64.5
GSM1506455	1.856550416	1.937936881	59.98755873	61.69667449	64.5
GSM1506372	1.708520351	1.922366216	56.87892738	61.36969054	58.5
GSM1506378	1.48742589	1.626350557	52.23594369	55.1533617	58.5
GSM1506373	1.931633326	2.121430325	61.56429985	65.55003682	57.5
GSM1506379	2.061704621	2.250768521	64.29579705	68.26613894	57.5
GSM1506374	2.077580691	2.285736146	64.62919451	69.00045906	57.5
GSM1506380	2.525192754	2.97538464	74.02904782	83.48307745	58.5
GSM1506375	1.732763157	2.0124189	57.38802629	63.2607969	57.5
GSM1506381	1.337829039	1.616065365	49.09440981	54.93737266	57.5
GSM1506376	1.51064883	1.658810413	52.72362543	55.83501867	57.5
GSM1506382	1.555381233	1.718269656	53.66300589	57.08366278	57.5
GSM1506377	0.473895884	0.775014507	30.95181356	37.27530465	36.5
GSM1506383	0.575215962	0.883169018	33.0795352	39.54654937	36.5
GSM1506408	0.979652429	1.134127521	41.57270102	44.81667794	33.5
GSM1506414	0.983278432	1.102501931	41.64884707	44.15254055	33.5
GSM1506409	0.977069848	1.121898249	41.51846681	44.55986323	33.5
GSM1506415	0.92757854	1.118102752	40.47914935	44.48015779	33.5
GSM1506410	0.657554951	1.037824016	34.80865397	42.79430434	33.5
GSM1506416	0.744843341	1.160648215	36.64171017	45.37361251	32.5
GSM1506411	0.701612477	0.877822459	35.73386201	39.43427164	33.5
GSM1506417	0.59123549	0.782833085	33.41594529	37.43949478	33.5
GSM1506412	0.704603553	1.074567624	35.79667461	43.5659201	32.5
GSM1506418	0.693686774	0.983903115	35.56742226	41.66196541	32.5
GSM1506413	0.723951694	1.006608022	36.20298557	42.13876847	32.5
GSM1506419	0.770900338	1.043896919	37.1889071	42.92183529	32.5
GSM1506396	0.833278054	1.017444291	38.49883914	42.36633011	34.5
GSM1506402	0.769191671	0.89917702	37.1530251	39.88271742	34.5
GSM1506397	0.866814954	1.037018059	39.20311404	42.77737924	34.5
GSM1506403	0.730850984	0.976123109	36.34787067	41.4985853	34.5
GSM1506398	0.695858403	0.946853552	35.61302645	40.88392458	34.5
GSM1506404	0.72194035	0.985463986	36.16074735	41.6947437	34.5
GSM1506399	0.566929989	1.024237343	32.90552976	42.5089842	34.5
GSM1506405	0.623959309	0.981016136	34.1031455	41.60133886	34.5
GSM1506400	0.688267258	0.892851014	35.45361241	39.7498713	34.5
GSM1506406	0.678915351	0.97123333	35.25722236	41.39589993	34.5
GSM1506401	0.902843607	1.19310527	39.95971576	46.05521066	34.5
GSM1506407	0.843028259	1.166226939	38.70359344	45.49076571	34.5
GSM1506432	0.851552218	1.259761893	38.88259657	47.45499974	35.5
GSM1506438	0.682780257	1.136691675	35.33838541	44.87052517	35.5
GSM1506433	0.631086402	0.923998878	34.25281444	40.40397644	30.5
GSM1506439	0.688824881	1.074450801	35.46532251	43.56346683	30.5
GSM1506434	0.805698248	1.109322818	37.9196632	44.29577917	30.5
GSM1506440	0.762017306	1.083490009	37.00236342	43.75329018	30.5
GSM1506435	0.774549882	0.987713353	37.26554752	41.7419804	30.5
GSM1506441	0.589995788	0.822046251	33.38991155	38.26297126	30.5
GSM1506436	0.869864166	1.158479385	39.26714748	45.32806708	30.5
GSM1506442	0.695911257	0.917238467	35.61413639	40.26200781	30.5
GSM1506437	0.686051866	0.919734408	35.40708918	40.31442257	30.5
GSM1506443	0.776179287	0.978922289	37.29976503	41.55736808	30.5
GSM1506576	2.192140778	2.427663717	67.03495634	71.98093806	60.5
GSM1506582	2.003401542	2.212631165	63.07143238	67.46525446	60.5
GSM1506577	0.878320613	1.174220472	39.44473287	45.65862992	32.5
GSM1506583	0.92378346	1.160062841	40.39945266	45.36131965	32.5
GSM1506578	1.984643778	2.179469822	62.67751934	66.76886626	62.5
GSM1506584	1.854971841	1.970938189	59.95440866	62.38970196	62.5
GSM1506579	1.070675537	1.307373556	43.48418628	48.45484467	35.5
GSM1506585	1.189098983	1.452338725	45.97107864	51.49911322	35.5
GSM1506580	1.868691864	2.140370274	60.24252914	65.94777575	60.5
GSM1506586	2.145774516	2.238134481	66.06126484	68.00082411	60.5
GSM1506581	2.253062842	2.486844265	68.31431968	73.22372956	71.5
GSM1506587	2.400224932	2.607742874	71.40472357	75.76260035	71.5
GSM2334792	1.40564825	1.848111495	50.51861326	59.81034139	54.5
GSM2334793	1.510160285	1.747838886	52.71336598	57.70461661	55.83
GSM2334798	1.876595933	2.322123257	60.40851459	69.7645884	50.98
GSM2334794	2.201339507	2.618042283	67.22812965	75.97888794	57.77
GSM2334799	2.082200151	2.32665953	64.72620318	69.85985013	52.16
GSM2334795	2.044217784	2.30779108	63.92857346	69.46361267	55.89
GSM2334800	2.648992578	2.866970755	76.62884415	81.20638585	68.87
GSM2334796	2.125034589	2.503393045	65.62572637	73.57125395	52.78
GSM2334801	1.853037627	2.232862968	59.91379017	67.89012232	53.17
GSM2334797	2.480301947	2.726965456	73.08634089	78.26627458	71.78
GSM2334785	1.240556344	1.463320291	47.05168323	51.7297261	52.62191781
GSM2334781	1.955155994	2.202576105	62.05827587	67.25409819	62.98
GSM2334782	2.101294145	2.419305804	65.12717705	71.80542188	53.06
GSM2334786	1.209152919	1.39099829	46.3922113	50.21096408	50.5
GSM2334787	1.746023247	2.071903828	57.66648818	64.50998039	60.5
GSM2334783	1.965719778	2.024943108	62.28011534	63.52380527	59.36
GSM2334784	1.867480814	1.936692787	60.21709709	61.67054853	55.08
GSM2334788	1.575723386	1.881351148	54.09019111	60.50837412	60.5
GSM2334789	2.072915068	2.141798265	64.53121643	65.97776356	59.5
GSM2334790	1.579411202	1.677649283	54.16763524	56.23063494	52.5
GSM2334791	1.348995285	1.572905667	49.32890099	54.031019	50.5
GSM2617038	1.96523199	2.217480958	62.26987179	67.56710012	57.5
GSM2617044	2.427137502	2.700367752	71.96988755	77.70772279	64.5
GSM2617039	1.359456009	1.669219677	49.54857618	56.05361322	49.5
GSM2617045	1.41132105	1.707312223	50.63774205	56.85355668	51.5
GSM2617040	1.550543414	1.785843075	53.56141168	58.50270457	54.5
GSM2617046	2.119885555	2.462195201	65.51759666	72.70609923	56.5
GSM2617041	0.393231163	0.646339229	29.25785443	34.57312381	26.5
GSM2617047	1.791515445	1.976882637	58.62182436	62.51453537	52.5
GSM2617042	1.38424611	1.763672257	50.06916831	58.03711739	52.5
GSM2617048	0.863443615	1.230146007	39.13231591	46.83306614	35.5
GSM2617043	1.345370838	1.688550956	49.25278759	56.45957007	41.5
GSM2617049	1.144380522	1.470210972	45.03199097	51.8744304	38.5
GSM2617050	1.704163028	1.974529889	56.78742358	62.46512768	54.5
GSM2617056	1.946132562	2.291358014	61.86878381	69.1185183	55.5
GSM2617051	0.414729123	0.895484471	29.70931158	39.80517389	26.5
GSM2617057	0.96857431	1.369854061	41.3400605	49.76693528	40.5
GSM2617052	1.545229566	1.802688228	53.44982089	58.85645278	54.5
GSM2617058	1.825069929	2.269966599	59.32646851	68.66929857	55.5
GSM2617053	1.523530659	1.805767886	52.99414383	58.9211256	51.5
GSM2617059	1.534383267	1.888462645	53.22204861	60.65771554	53.5
GSM2617054	0.883979619	1.168396198	39.563572	45.53632016	31.5
GSM2617060	1.159702605	1.543231975	45.35375471	53.40787148	43.5
GSM2617055	1.926933806	2.368246725	61.46560992	70.73318123	65.5
GSM2617061	1.970814264	2.258551353	62.38709955	68.42957842	67.5
GSM2617062	1.383928939	1.639568076	50.06250771	55.43092959	41.5
GSM2617068	1.923110853	2.133200263	61.38532791	65.79720552	57.5
GSM2617063	2.483094858	2.992090622	73.14499202	83.83390306	50.5
GSM2617069	1.369771967	1.592358181	49.76521131	54.43952181	49.5
GSM2617064	2.032127156	2.421584241	63.67467028	71.85326906	65.5
GSM2617065	1.767237853	1.9874292	58.1119949	62.73601321	53.5
GSM2617070	1.636345341	1.946799432	55.36325216	61.88278806	41.5
GSM2617066	1.901532385	2.175872553	60.93218008	66.69332362	67.5
GSM2617071	1.443440188	1.702518612	51.31224395	56.75289085	54.5
GSM2617067	1.470326088	1.839812604	51.87684785	59.63606468	52.5
GSM2617072	0.754524826	1.080819156	36.84502135	43.69720228	31.5
GSM2617073	1.618015419	2.042995287	54.9783238	63.90290103	51.5
GSM2617079	1.844087003	2.364591447	59.72582706	70.65642039	47.5
GSM2617074	1.637741512	2.014898257	55.39257175	63.3128634	52.5
GSM2617080	1.488096638	1.868479041	52.2500294	60.23805987	53.5
GSM2617075	1.865107859	2.140334125	60.16726503	65.94701662	51.5
GSM2617081	0.981141363	1.350616978	41.60396862	49.36295654	48.5
GSM2617076	1.431378493	1.753517496	51.05894835	57.82386742	49.5
GSM2617082	1.193881876	1.492331788	46.07151939	52.33896754	47.5
GSM2617077	1.777466233	2.124712162	58.3267909	65.61895539	52.5
GSM2617083	1.548223967	1.873704786	53.5127033	60.3478005	41.5
GSM2617078	1.72543174	1.994795828	57.23406654	62.89071239	43.5
GSM2617084	1.699823869	2.024619063	56.69630124	63.51700033	51.5
GSM2617085	0.832785689	1.257081459	38.48849948	47.39871065	35.5
GSM2617091	1.252147878	1.679731762	47.29510544	56.274367	41.5
GSM2617086	1.965651737	2.347174288	62.27868647	70.29066006	49.5
GSM2617092	1.246711687	1.57871231	47.18094544	54.15295851	57.5
GSM2617087	0.97546559	1.373034125	41.48477739	49.83371662	48.5
GSM2617093	1.654216892	1.99561126	55.73855472	62.90783647	43.5
GSM2617088	1.142460084	1.476449434	44.99166176	52.00543812	48.5
GSM2617094	1.701798795	1.984112679	56.7377747	62.66636625	57.5
GSM2617089	0.430800741	0.80223553	30.04681555	37.84694614	31.5
GSM2617095	0.74127608	1.086871508	36.56679768	43.82430168	33.5
GSM2617090	1.917348546	2.288219667	61.26431946	69.052613	49.5
GSM2617096	1.154646479	1.541979851	45.24757605	53.38157687	34.5
GSM2617097	0.995147429	1.354172731	41.898096	49.43762735	35.5
GSM2617107	1.442755811	1.895640307	51.29787204	60.80844646	48.5
GSM2617098	2.040472685	2.405741248	63.84992639	71.5205662	56.5
GSM2617108	0.922141912	1.397386751	40.36498016	50.34512177	26.5
GSM2617100	1.011104851	1.267377622	42.23320187	47.61493006	35.5
GSM2617109	1.080269878	1.396132194	43.68566744	50.31877608	48.5
GSM2617101	1.63110139	2.056772633	55.2531292	64.19222528	41.5
GSM2617110	1.118943422	1.457033503	44.49781186	51.59770357	43.5
GSM2617103	2.129617128	2.507822079	65.72195968	73.66426365	69.5
GSM2617111	1.555125054	1.880779032	53.65762613	60.49635967	46.5
GSM2617105	1.112243661	1.535757675	44.35711688	53.25091118	38.5
GSM2617112	0.880982383	1.274040726	39.50063005	47.75485526	37.5
GSM2648834	2.333092138	2.529077892	69.9949349	74.11063572	79.5
GSM2648840	1.450127539	1.68356492	51.45267831	56.35486333	59.5
GSM2648835	2.458893338	2.430045764	72.63676009	72.03096105	77.5
GSM2648841	1.505032886	1.666507636	52.60569061	55.99666036	57.5
GSM2648836	2.507796798	2.592762299	73.66373275	75.44800827	77.5
GSM2648842	2.58375325	2.548213666	75.25881825	74.51248699	76.5
GSM2648837	1.960000201	1.991562568	62.16000422	62.82281394	68.5
GSM2648843	1.941148298	1.949148378	61.76411425	61.93211594	60.5
GSM2648838	2.695250333	2.737108183	77.600257	78.47927185	80.5
GSM2648844	1.780821358	1.941793465	58.39724851	61.77766276	59.5
GSM2648839	1.530406335	1.74995841	53.13853303	57.74912661	57.5
GSM2648845	1.684078386	1.931287196	56.3656461	61.55703112	58.5
GSM2648846	2.324630328	2.432629405	69.81723688	72.08521751	87.5
GSM2648868	2.903868542	3.232257914	81.98123939	88.87741619	76.5
GSM2648847	1.67678354	1.796980017	56.21245435	58.73658037	50.5
GSM2648869	1.657156744	2.143520209	55.80029162	66.0139244	57.5
GSM2648848	2.218980629	2.347858821	67.59859321	70.30503524	74.5
GSM2648870	1.348858066	1.620575778	49.32601939	55.03209134	49.5
GSM2648849	2.616127803	2.784882126	75.93868387	79.48252465	84.5
GSM2648871	2.050816845	2.059514752	64.06715375	64.24980979	67.5
GSM2648866	2.471900449	2.433326127	72.90990943	72.09984868	82.5
GSM2648872	2.183701898	2.256638187	66.85773986	68.38940193	69.5
GSM2648867	2.25969257	2.287485557	68.45354397	69.03719669	71.5
GSM2648873	2.22773657	2.445424241	67.78246796	72.35390907	62.5
GSM2648850	1.851261101	2.038746557	59.87648311	63.81367771	60.5
GSM2648856	2.501393975	2.621655271	73.52927348	76.05476069	71.5
GSM2648851	2.552196504	2.494049363	74.59612659	73.37503662	73.5
GSM2648857	2.60012735	2.358253481	75.60267435	70.52332309	75.5
GSM2648852	2.143369851	2.170005231	66.01076687	66.57010986	66.5
GSM2648858	2.206766968	2.185767595	67.34210633	66.90111949	71.5
GSM2648853	2.336098131	2.439014011	70.05806074	72.21929422	76.5
GSM2648859	1.893430668	1.875285209	60.76204403	60.38098939	76.5
GSM2648854	2.452578236	2.652429556	72.50414296	76.70102067	76.5
GSM2648860	2.256134257	2.461901001	68.37881939	72.69992102	63.5
GSM2648855	2.734887858	2.768641107	78.43264501	79.14146326	83.5
GSM2648861	2.296650303	2.477924874	69.22965635	73.03642236	78.5
GSM2648862	2.482111594	2.811051078	73.12434347	80.03207264	76.5
GSM2648876	1.878030516	2.058483431	60.43864084	64.22815206	60.5
GSM2648863	1.833918482	2.110100904	59.51228812	65.31211899	60.5
GSM2648877	2.007869216	2.125683347	63.16525353	65.63935029	56.5
GSM2648864	1.543492825	1.73428226	53.41334932	57.41992745	50.5
GSM2648878	2.009243291	2.007965844	63.19410911	63.16728273	59.5
GSM2648865	1.996591188	2.151578323	62.92841494	66.18314479	63.5
GSM2648879	2.237842528	2.178986073	67.9946931	66.75870754	60.5
GSM2648874	1.583978328	1.892106569	54.26354489	60.73423795	59.5
GSM2648880	1.964981964	1.993413894	62.26462124	62.86169177	58.5
GSM2648875	1.76566464	1.864837469	58.07895744	60.16158685	62.5
GSM2648881	1.921093934	1.873194958	61.34297261	60.33709411	59.5
GSM2867773	0.552211028	1.137754796	32.59643158	44.89285071	29.37808219
GSM2867891	0.63750448	1.412264762	34.38759408	50.65756	31.71232877
GSM2867892	0.887109063	1.400552883	39.62929033	50.41161054	32.09315068
GSM2867774	0.446939598	1.18777678	30.38573157	45.94331238	27.86027397
GSM2867775	0.823035224	1.371037294	38.28373971	49.79178318	28.30410959
GSM2867893	-0.109450112	0.424729648	17.82286445	29.91932261	24.52876712
GSM2867894	-0.06338956	0.626554312	18.71013318	34.15764056	24.19178082
GSM2867776	0.21218674	0.801641742	25.45592153	37.83447657	21.58356164
GSM2867777	0.270792593	0.838734064	26.68664446	38.61341534	21.87123288
GSM2867778	0.055713923	0.559415257	22.16999238	32.74772041	23.84383562
GSM2867779	-0.109513796	0.536951898	17.82166578	32.27598985	24.09041096
GSM2867780	0.295292066	0.818685652	27.2011334	38.19239869	26.57534247
GSM2867781	-0.019726486	0.541313179	19.58980297	32.36757677	26.80547945
GSM2867782	0.102998422	0.672924996	23.16296686	35.13142492	22.24109589
GSM2867783	0.446594798	1.143199853	30.37849075	45.00719692	31.48219178
GSM2867784	0.426591379	1.069994793	29.95841896	43.46989065	31.81643836
GSM2867785	-0.059921403	0.50690651	18.77860968	31.6450367	22.12054795
GSM2867786	0.115737483	0.733142121	23.43048715	36.39598454	22.42465753
GSM2867787	0.691048651	1.104942497	35.51202166	44.20379243	28.55890411
GSM2867788	0.421306635	1.042065076	29.84743933	42.88336659	28.85753425
GSM2867789	-0.195490516	0.446347644	16.27105402	30.37330052	22.07123288
GSM2867790	-0.115064762	0.388037184	17.71747681	29.14878086	22.43835616
GSM2867791	0.452698835	1.128358837	30.50667554	44.69553557	29.40821918
GSM2867792	0.582160016	1.039527261	33.22536034	42.83007249	29.8
GSM2867793	0.343879748	1.058141589	28.2214747	43.22097337	26.49315068
GSM2867794	0.256375072	1.015897818	26.38387652	42.33385418	26.79726027
GSM2867795	-0.352247781	0.217847426	13.76522357	25.57479594	23.11232877
GSM2867866	0.133769469	0.685505634	23.80915886	35.39561832	22.8739726
GSM2867867	0.179236425	0.720007598	24.76396492	36.12015956	23.16164384
GSM2867796	0.295950113	0.82353996	27.21495237	38.29433915	30.68219178
GSM2867797	0.400410593	0.895985114	29.40862246	39.8156874	30.91232877
GSM2867798	-0.076276625	0.359586072	18.45775709	28.55130751	22.19178082
GSM2867799	0.278297704	0.707296257	26.84425179	35.85322141	22.42191781
GSM2867800	0.2533213	0.758603005	26.31974729	36.93066311	27.66027397
GSM2867801	0.063072555	0.685569833	22.32452365	35.39696649	28.00821918
GSM2867868	0.42524026	0.907872836	29.93004546	40.06532956	32.68219178
GSM2867869	0.338526861	0.787700602	28.10906408	37.54171263	32.94520548
GSM2867802	0.741437758	1.269767047	36.57019291	47.66510799	33.93150685
GSM2867803	0.329050049	0.760819544	27.91005103	36.97721042	34.17534247
GSM2867895	0.041153741	0.454947751	21.86422855	30.55390277	18.50958904
GSM2867870	0.438585441	0.967917964	30.21029425	41.32627724	23.49315068
GSM2867871	0.597024215	1.136564415	33.53750851	44.86785272	23.86027397
GSM2867872	0.24036112	0.851248338	26.04758351	38.8762151	21.26027397
GSM2867873	-0.046236926	0.66394372	19.05113001	34.94281811	21.60821918
GSM2867804	0.426161462	0.930726778	29.94939069	40.54526233	21.71506849
GSM2867805	0.199732521	0.596792861	25.19438295	33.53265009	22.10136986
GSM2867806	0.071195062	0.661812435	22.4950963	34.89806113	24.72054795
GSM2867807	-0.080514519	0.612121617	18.37547166	33.85455397	25.5
GSM2867874	0.315727481	0.898828115	27.6302771	39.87539041	25.61917808
GSM2867875	0.351193782	0.887846737	28.37506943	39.64478148	25.88219178
GSM2867876	0.117895345	0.520550599	23.47580225	31.93156257	19.82739726
GSM2867877	-0.045410798	0.452118597	19.06770166	30.49449054	20.15068493
GSM2867808	-0.190457447	0.583898918	16.35819954	33.26187727	23.81369863
GSM2867809	0.07645622	0.489123713	22.60558062	31.27159797	24.22739726
GSM2867810	0.037189057	0.312845814	21.78097019	27.56976208	27.46575342
GSM2867811	-0.325807613	-0.059661433	14.1608254	18.7837522	18.19452055
GSM2867812	-0.282975464	0.09490584	14.82430381	22.99302263	18.52054795
GSM2867878	0.231153194	0.62550936	25.85421707	34.13569657	25.64657534
GSM2867879	-0.047149982	0.372787815	19.03283055	28.82854412	26.04931507
GSM2867813	-0.107450426	0.501621505	17.86054194	31.5340516	19.00547945
GSM2867814	0.042325636	0.669786597	21.88883836	35.06551854	19.30958904
GSM2867815	-0.006282952	0.447032918	19.86847164	30.38769128	19.08493151
GSM2867816	-0.028727159	0.378980769	19.40531241	28.95859616	19.34794521
GSM2867817	0.401488863	0.94252159	29.43126613	40.7929534	21.80273973
GSM2867818	0.26760199	0.83256025	26.61964179	38.48376525	21.1369863
GSM2867819	0.221950141	0.866529948	25.66095296	39.19712891	21.56164384
GSM2867820	0.262666995	1.251210317	26.5160069	47.27541666	32.20821918
GSM2867821	0.577891439	1.046461846	33.13572022	42.97569877	32.50684932
GSM2867880	0.116113149	0.598584998	23.43837612	33.57028495	25.73150685
GSM2867881	0.185356055	0.701836326	24.89247715	35.73856285	26.09589041
GSM2867822	0.109613584	0.595002247	23.30188527	33.49504718	21.88493151
GSM2867823	-0.146325966	0.5326998	17.14139733	32.18669581	22.25753425
GSM2867824	0.152835182	0.692881154	24.20953883	35.55050423	23.12328767
GSM2867825	0.108270495	0.8179396	23.2736804	38.17673159	22.83561644
GSM2867826	0.084907743	0.760385291	22.78306261	36.96809111	23.26027397
GSM2867827	-0.289618359	0.487023953	14.71953299	31.22750301	27.29589041
GSM2867828	0.498916969	1.053217306	31.47725636	43.11756342	27.69589041
GSM2867829	0.291850513	0.797517132	27.12886077	37.74785978	23.31232877
GSM2867830	0.112092183	0.805568342	23.35393583	37.91693518	25.32054795
GSM2867831	0.244558776	0.93749208	26.13573429	40.68733368	25.54794521
GSM2867832	0.529983671	1.079136872	32.12965708	43.66187431	32.04657534
GSM2867833	0.756008598	1.258974355	36.87618056	47.43846146	32.31232877
GSM2867896	-0.270285987	0.440865507	15.02638539	30.25817564	21.34520548
GSM2867882	0.289590516	0.774713815	27.08140083	37.26899011	25.8
GSM2867883	0.163421886	0.745443449	24.43185962	36.65431244	26.10958904
GSM2867884	-0.001751453	0.629653788	19.96325169	34.22272954	28.90684932
GSM2867885	0.3576536	0.820681641	28.51072559	38.23431445	29.21369863
GSM2867898	-0.21746997	0.399520868	15.89558707	29.38993822	19.61643836
GSM2867899	-0.068099734	0.343834327	18.61751331	28.22052086	19.8739726
GSM2867834	-0.005343719	0.725473063	19.8880812	36.23493433	21.74520548
GSM2867835	0.056722489	0.577974737	22.19117228	33.13746948	25.90136986
GSM2867836	-0.196560378	0.433093844	16.25258626	30.09497073	26.23287671
GSM2867886	-0.072831581	0.653459732	18.52490552	34.72265438	20.69863014
GSM2867887	-0.060416621	0.546151617	18.76881738	32.46918396	20.91232877
GSM2867837	0.65497152	1.214999939	34.75440192	46.51499872	35.31780822
GSM2867838	0.594582644	1.199490594	33.48623553	46.18930247	35.66575342
GSM2867839	-0.511777481	0.463809719	11.58801231	30.7400041	20.25205479
GSM2867840	-0.30556503	0.393503998	14.47084689	29.26358396	21.98630137
GSM2867841	0.528770031	1.075068934	32.10417066	43.57644762	25.36986301
GSM2867842	0.537093417	1.176467269	32.27896176	45.70581266	25.55890411
GSM2867843	0.036496659	0.788555901	21.76642984	37.55967392	23.0739726
GSM2867844	0.528818214	0.93247608	32.10518248	40.58199768	23.3260274
GSM2867845	0.939336682	1.533178612	40.72607032	53.19675085	23.85753425
GSM2867846	-0.441245467	0.127689026	12.50793068	23.68146955	19.46849315
GSM2867847	0.412199975	1.114147503	29.65619947	44.39709756	25.91506849
GSM2867848	0.226306802	0.810967463	25.75244283	38.03031673	24.68219178
GSM2867849	-0.085210021	0.650437601	18.28470736	34.65918962	19.85753425
GSM2867850	-0.251927138	0.376200846	15.32332881	28.90021776	22.80273973
GSM2867851	-0.039454577	0.548260488	19.18758599	32.51347024	23.07123288
GSM2867852	0.128947896	0.586728474	23.70790581	33.32129795	20.28767123
GSM2867853	0.13546903	0.590091194	23.84484964	33.39191508	20.54246575
GSM2867854	0.209932603	1.058671898	25.40858467	43.23210986	18.89041096
GSM2867855	-0.522424718	0.118522665	11.45469574	23.48897595	19.14246575
GSM2867856	-0.197831969	0.364506293	16.23066195	28.65463215	19.90136986
GSM2867857	0.749934033	1.578369796	36.74861469	54.14576571	32.71506849
GSM2867888	-0.354380064	0.379692042	13.73377347	28.97353289	20.72054795
GSM2867858	-0.021334571	0.480860071	19.55671943	31.09806149	21.33424658
GSM2867859	-0.043053606	0.526067454	19.11506087	32.04741654	21.57534247
GSM2867860	-0.260687325	0.103852284	15.18095791	23.18089797	18.35068493
GSM2867861	-0.351297592	0.166678295	13.77925998	24.50024419	18.68219178
GSM2867862	0.23207156	0.747129264	25.87350277	36.68971454	25.36986301
GSM2867863	-0.268505969	-0.115415536	15.05493804	17.71091234	25.69041096
GSM2867897	0.595898703	1.103952121	33.51387276	44.18299455	25.20273973
GSM2867864	1.002519375	1.383021523	42.05290687	50.04345199	32.20547945
GSM2867865	0.368542781	0.710523572	28.7393984	35.92099502	32.4739726
GSM2867889	0.599460675	1.073873975	33.58867417	43.55135348	32.13972603
GSM2867890	0.58226788	0.838303887	33.22762547	38.60438163	31.75616438
GSM2091639	2.233384699	2.14431737	67.90107867	66.03066476	57.4
GSM2091642	2.174687264	2.68124883	66.66843255	77.30622544	63.7
GSM2091645	2.333771996	2.360641323	70.00921191	70.57346778	66.5
GSM2091629	1.487439696	1.772204916	52.23623361	58.21630325	49.3
GSM2091635	2.346285454	2.406723518	70.27199454	71.54119388	63.5
GSM2091654	1.317995522	1.556910147	48.67790596	53.69511309	44.7
GSM2091632	1.35846497	1.502624782	49.52776438	52.55512042	53.2
GSM2091625	1.826206457	1.972174139	59.3503356	62.41565691	57.5
GSM2091624	2.338308807	2.635996354	70.10448496	76.35592343	70.8
GSM2091623	1.359351953	1.63927285	49.54639102	55.42472984	44.7
GSM2091646	1.556072283	1.772175647	53.67751794	58.21568859	54.7
GSM2091640	1.205655911	1.535777441	46.31877414	53.25132626	43.9
GSM2091653	2.262582374	2.286085503	68.51422986	69.00779557	68.9
GSM2091655	2.659428416	2.613719153	76.84799673	75.88810222	66.8
GSM2091644	1.735930595	1.862738227	57.45454249	60.11750277	53.5
GSM2091638	1.359360458	1.558832285	49.54656961	53.73547799	54.5
GSM2091643	1.338386765	1.587710128	49.10612207	54.34191269	45.3
GSM2091636	1.818189307	1.958016256	59.18197544	62.11834137	58.4
GSM2091651	2.071713324	2.300550482	64.50597981	69.31156012	52.2
GSM2091652	1.569525211	1.611774219	53.96002943	54.8472586	57.2
GSM2091637	1.987356078	2.137538287	62.73447764	65.88830402	70.4
GSM2091631	1.663922621	1.865094071	55.94237504	60.1669755	46.9
GSM2091648	2.356197975	2.469801845	70.48015748	72.86583875	69.6
GSM2091627	2.007261726	2.095555312	63.15249624	65.00666156	62.1
GSM2091634	2.500249987	2.554579198	73.50524973	74.64616316	68.8
GSM2091622	1.304205741	1.515071387	48.38832056	52.81649912	49.1
GSM2091641	2.240842909	2.241182438	68.05770108	68.0648312	64.5
GSM2091628	1.975577895	2.224585733	62.48713579	67.71630039	60.7
GSM2091630	2.505601041	2.417249565	73.61762186	71.76224086	69.5
GSM2091647	2.656958258	2.5600854	76.79612341	74.7617934	70.7
GSM2091650	1.802555237	1.848918927	58.85365997	59.82729747	63.8
GSM2091626	1.003846999	1.215835823	42.08078698	46.53255228	43.2
GSM2091649	1.602940332	1.81726062	54.66174697	59.16247302	47.1
GSM2091633	1.345028394	1.54326608	49.24559627	53.40858769	43.6
