	Pred_value	Real_value	abs_err
GSM1425464	62.93343492	74.5	11.56656508
GSM1425465	55.36271162	74.5	19.13728838
GSM1425466	73.30242398	76.5	3.197576017
GSM1425467	68.71185658	76.5	7.788143421
GSM1425468	72.63902138	76.5	3.860978616
GSM1425469	59.45327877	74.5	15.04672123
GSM1425470	72.13255993	74.5	2.367440066
GSM1425471	32.24508878	33.5	1.25491122
GSM1425472	40.24353813	33.5	6.743538132
GSM1425473	71.56558012	75.5	3.934419879
GSM1425474	62.15373902	75.5	13.34626098
GSM1425475	68.56532254	75.5	6.934677462
GSM1425476	68.28264316	74.5	6.217356836
GSM1425477	67.9164963	74.5	6.583503697
GSM1425478	70.89541286	74.5	3.604587135
GSM1425479	29.89241078	26.5	3.392410781
GSM1425480	31.04867032	26.5	4.548670316
GSM1425481	31.81987567	26.5	5.319875667
GSM1425482	31.95853087	32.5	0.541469133
GSM1425483	32.225328	32.5	0.274672002
GSM1425484	35.57225164	32.5	3.072251642
GSM1425485	66.82433342	76.5	9.675666583
GSM1425486	67.98937669	76.5	8.510623312
GSM1425487	70.80753177	76.5	5.692468226
GSM1425488	70.67301708	74.5	3.826982922
GSM1425489	62.1956863	74.5	12.3043137
GSM1425490	66.48735731	74.5	8.012642691
GSM1425491	33.07736118	29.5	3.577361183
GSM1425492	35.0562354	29.5	5.556235397
GSM1425493	34.30003865	29.5	4.800038653
GSM1425494	63.3342374	75.5	12.1657626
GSM1425495	65.98123622	75.5	9.518763777
GSM1425496	71.24288115	75.5	4.25711885
GSM1425497	20.99697807	30.5	9.503021928
GSM1425498	32.11555703	30.5	1.615557026
GSM1425499	37.69419514	30.5	7.194195143
GSM1425500	65.59392085	74.5	8.906079149
GSM1425501	62.40047704	74.5	12.09952296
GSM1425502	68.96701579	74.5	5.532984207
GSM1425503	63.72164582	77.5	13.77835418
GSM1425504	67.00236516	77.5	10.49763484
GSM1425505	71.56860275	77.5	5.93139725
GSM1425506	28.17458488	30.5	2.325415124
GSM1425507	33.55053181	30.5	3.050531807
GSM1425508	34.18434966	30.5	3.684349664
GSM1425509	69.87148164	73.5	3.628518364
GSM1425510	64.56888665	73.5	8.931113347
GSM1425511	70.44451726	73.5	3.055482743
GSM1425512	72.634368	75.5	2.865632003
GSM1425513	68.82039766	75.5	6.679602338
GSM1425514	71.54479561	75.5	3.955204389
GSM1425515	25.86698813	28.5	2.633011872
GSM1425516	31.52314996	28.5	3.023149961
GSM1425517	31.03894782	28.5	2.538947817
GSM1425518	47.92319032	34.5	13.42319032
GSM1425519	45.36508988	34.5	10.86508988
GSM1425520	48.84338789	34.5	14.34338789
GSM1425521	30.80087821	27.5	3.300878206
GSM1425522	34.76857933	27.5	7.268579327
GSM1425523	35.39830425	27.5	7.898304254
GSM1425524	65.0080791	75.5	10.4919209
GSM1425525	61.4776136	75.5	14.0223864
GSM1425526	68.43649974	75.5	7.063500265
GSM1425527	64.66600989	76.5	11.83399011
GSM1425528	62.64918318	76.5	13.85081682
GSM1425529	70.23934176	76.5	6.260658239
GSM1425530	68.87443496	75.5	6.625565042
GSM1425531	64.45462686	75.5	11.04537314
GSM1425532	66.92618011	75.5	8.573819885
GSM1425533	70.35886091	76.5	6.141139085
GSM1425534	71.79405618	76.5	4.705943818
GSM1425535	77.05989353	76.5	0.559893534
GSM1425536	67.81248031	74.5	6.687519688
GSM1425537	64.44286775	74.5	10.05713225
GSM1425538	69.28822573	74.5	5.21177427
GSM1425539	79.70747556	75.5	4.207475562
GSM1425540	70.81839185	75.5	4.681608154
GSM1425541	69.95153242	75.5	5.548467578
GSM1425542	61.35988892	77.5	16.14011108
GSM1425543	66.07127546	77.5	11.42872454
GSM1425544	61.37805024	77.5	16.12194976
GSM1425545	29.27219538	28.5	0.772195384
GSM1425546	31.15675952	28.5	2.65675952
GSM1425547	30.41048511	28.5	1.910485108
GSM1425548	65.28487691	76.5	11.21512309
GSM1425549	65.92686042	76.5	10.57313958
GSM1425550	73.34178766	76.5	3.158212344
GSM1425551	24.04259107	26.5	2.457408931
GSM1425552	28.99763075	26.5	2.497630752
GSM1425553	31.3984359	26.5	4.898435897
GSM1425554	62.71136253	32.5	30.21136253
GSM1425555	64.62667496	32.5	32.12667496
GSM1425556	74.61544081	76.5	1.884559192
GSM1425557	65.1975872	76.5	11.3024128
GSM1425558	69.33142895	76.5	7.168571048
GSM1425559	33.36205403	32.5	0.86205403
GSM1425560	32.0913336	32.5	0.408666403
GSM1425561	36.46864429	32.5	3.968644288
GSM1425562	33.89578052	33.5	0.395780523
GSM1425563	36.42189688	33.5	2.921896882
GSM1425564	37.46725891	33.5	3.967258911
GSM1425565	69.74680211	76.5	6.753197891
GSM1425566	69.24288234	76.5	7.25711766
GSM1425567	74.36655984	76.5	2.133440159
GSM1425568	35.88338355	34.5	1.383383545
GSM1425569	36.39761434	34.5	1.897614335
GSM1425570	38.31343675	34.5	3.813436751
GSM1425571	63.10854242	77.5	14.39145758
GSM1425572	65.0566873	77.5	12.4433127
GSM1425573	67.64199219	77.5	9.858007807
GSM1425574	30.66802739	28.5	2.168027387
GSM1425575	33.23177717	28.5	4.731777166
GSM1425576	34.11435467	28.5	5.614354669
GSM1425577	70.35387422	73.5	3.146125784
GSM1425578	62.76368856	73.5	10.73631144
GSM1425579	71.06547344	73.5	2.434526556
GSM1425580	70.19651102	73.5	3.303488982
GSM1425581	65.46681561	73.5	8.033184395
GSM1425582	70.91835145	73.5	2.581648553
GSM1425583	29.43296036	27.5	1.932960362
GSM1425584	34.47093705	27.5	6.970937048
GSM1425585	32.8661035	27.5	5.366103502
GSM1425586	27.04722482	34.5	7.452775182
GSM1425587	31.56188838	34.5	2.938111619
GSM1425588	36.0427922	34.5	1.542792204
GSM1425589	71.91808644	76.5	4.581913561
GSM1425590	71.72003761	76.5	4.779962385
GSM1425591	73.95025158	76.5	2.549748418
GSM1425592	31.86912018	30.5	1.369120182
GSM1425593	34.25993744	30.5	3.759937442
GSM1425594	36.80991326	30.5	6.309913265
GSM1425595	29.89359257	26.5	3.393592566
GSM1425596	30.33473754	26.5	3.834737544
GSM1425597	30.912257	26.5	4.412256997
GSM1425598	71.06004778	76.5	5.439952221
GSM1425599	62.44915574	76.5	14.05084426
GSM1425600	67.96083223	76.5	8.539167771
GSM1425601	73.83369814	75.5	1.666301858
GSM1425602	68.25459507	75.5	7.245404927
GSM1425603	30.33307882	32.5	2.166921182
GSM1425604	33.50827564	32.5	1.008275644
GSM1425605	36.20169361	32.5	3.701693612
GSM1425606	65.09516461	75.5	10.40483539
GSM1425607	65.99175891	75.5	9.508241095
GSM1425608	66.42340229	75.5	9.076597712
GSM1425609	69.32287478	74.5	5.177125224
GSM1425610	66.54143136	74.5	7.958568644
GSM1425611	70.31454245	74.5	4.185457549
GSM1425612	26.85518295	28.5	1.644817052
GSM1425613	29.3053161	28.5	0.805316104
GSM1425614	30.93271194	28.5	2.432711936
GSM1425615	74.69395629	74.5	0.193956286
GSM1425616	63.44653147	74.5	11.05346853
GSM1425617	76.73070477	74.5	2.230704771
GSM1425618	30.21895886	32.5	2.281041137
GSM1425619	29.63882689	32.5	2.861173115
GSM1425620	36.90795407	32.5	4.407954074
GSM1425621	69.5914512	73.5	3.908548797
GSM1425622	60.99121649	73.5	12.50878351
GSM1425623	63.60796756	73.5	9.89203244
GSM1425624	28.36083089	28.5	0.139169108
GSM1425625	31.80551139	28.5	3.305511391
GSM1425626	32.81622297	28.5	4.316222973
GSM1425627	35.67544057	31.5	4.175440572
GSM1425628	33.60304605	31.5	2.103046045
GSM1425629	33.48221076	31.5	1.982210756
GSM1425630	24.04452698	30.5	6.455473022
GSM1425631	31.57016612	30.5	1.070166123
GSM1425632	31.45422544	30.5	0.954225444
GSM1425633	34.69762038	33.5	1.197620379
GSM1425634	36.62207992	33.5	3.122079925
GSM1425635	38.05060491	33.5	4.550604914
GSM1425636	28.7207199	26.5	2.220719896
GSM1425637	32.618651	26.5	6.118651002
GSM1425638	35.87686889	26.5	9.376868889
GSM1425639	39.34026889	34.5	4.840268887
GSM1425640	36.77511555	34.5	2.275115553
GSM1425641	39.65229501	34.5	5.15229501
GSM1425642	27.82798493	29.5	1.672015066
GSM1425643	32.50470019	29.5	3.00470019
GSM1425644	35.86785691	29.5	6.367856911
GSM1425645	29.34088864	25.5	3.840888637
GSM1425646	32.94397014	25.5	7.443970139
GSM1425647	33.24566791	25.5	7.745667907
GSM1425648	29.4440692	28.5	0.944069198
GSM1425649	29.93661852	28.5	1.43661852
GSM1425650	33.5477171	28.5	5.047717103
GSM1425651	30.09899773	27.5	2.598997734
GSM1425652	36.47865353	27.5	8.97865353
GSM1425653	37.84866805	27.5	10.34866805
GSM1425654	69.25352827	77.5	8.246471734
GSM1425655	66.25071582	77.5	11.24928418
GSM1425656	74.71124631	77.5	2.788753692
GSM1425657	48.69879983	75.5	26.80120017
GSM1425658	39.52580721	75.5	35.97419279
GSM1425659	68.18196772	75.5	7.318032282
GSM1425661	67.36486901	74.5	7.135130993
GSM1425662	69.06987791	74.5	5.430122086
GSM1425663	32.67322701	28.5	4.173227006
GSM1425664	33.3660712	28.5	4.866071205
GSM1425665	37.01061617	28.5	8.510616169
GSM1425666	73.83522209	79.5	5.664777907
GSM1425667	68.66667847	79.5	10.83332153
GSM1425668	75.9454159	79.5	3.554584095
GSM1425669	69.21922069	76.5	7.280779306
GSM1425670	70.56692217	76.5	5.933077826
GSM1425671	75.71974791	76.5	0.780252085
GSM1425672	35.5550748	34.5	1.055074798
GSM1425673	36.84074635	34.5	2.340746345
GSM1425674	37.84060403	34.5	3.340604032
GSM1425675	28.64410514	28.5	0.144105138
GSM1425676	30.98823232	28.5	2.488232316
GSM1425677	29.93754769	28.5	1.437547689
GSM1425678	35.13469099	33.5	1.634690989
GSM1425679	37.89428961	33.5	4.394289609
GSM1425680	38.56884579	33.5	5.068845789
GSM1425681	64.73406867	73.5	8.765931331
GSM1425682	65.71217507	73.5	7.78782493
GSM1425683	71.96944717	73.5	1.530552828
GSM1425684	69.66916873	73.5	3.83083127
GSM1425685	61.80090389	73.5	11.69909611
GSM1425686	74.28544887	73.5	0.785448866
GSM1425687	60.33555714	73.5	13.16444286
GSM1425688	69.58583007	73.5	3.914169933
GSM1425689	69.58700274	73.5	3.912997257
GSM1425690	27.2959783	26.5	0.795978302
GSM1425691	33.04290606	26.5	6.542906061
GSM1425692	39.10872429	26.5	12.60872429
GSM1425693	30.26138644	28.5	1.761386437
GSM1425694	33.37379776	28.5	4.873797756
GSM1425695	32.69436381	28.5	4.194363808
GSM1425696	21.65690992	29.5	7.843090076
GSM1425697	25.08198955	29.5	4.418010452
GSM1425698	30.42064346	29.5	0.920643465
GSM1425699	56.59419885	26.5	30.09419885
GSM1425700	58.23018413	26.5	31.73018413
GSM1425701	68.86143012	76.5	7.638569878
GSM1425702	74.67831888	76.5	1.821681117
GSM1425703	67.30096175	76.5	9.199038254
GSM1425704	69.54860883	76.5	6.951391169
GSM1425705	69.41185965	76.5	7.088140346
GSM1425706	33.12882189	27.5	5.628821892
GSM1425707	35.34286579	27.5	7.842865791
GSM1425708	38.70692068	27.5	11.20692068
GSM1425709	77.21153373	84.5	7.28846627
GSM1425710	73.02359646	84.5	11.47640354
GSM1425711	78.84508428	84.5	5.654915719
GSM1425712	73.46890629	83.5	10.03109371
GSM1425713	66.22936631	83.5	17.27063369
GSM1425714	71.338652	83.5	12.161348
GSM1425715	70.78629787	81.5	10.71370213
GSM1425716	73.01217622	81.5	8.487823779
GSM1425717	78.54197994	81.5	2.958020059
GSM1425718	79.20293188	84.5	5.297068117
GSM1425719	77.48536283	84.5	7.014637166
GSM1425720	83.79271382	84.5	0.707286183
GSM1425721	28.21541911	32.5	4.284580886
GSM1425722	36.9868251	32.5	4.486825098
GSM1425723	37.68612868	32.5	5.186128681
GSM1425724	76.6496364	79.5	2.850363604
GSM1425725	68.99313729	79.5	10.50686271
GSM1425726	67.38183297	79.5	12.11816703
GSM1425727	20.91066143	24.5	3.589338573
GSM1425728	26.80684555	24.5	2.306845551
GSM1425729	28.53323233	24.5	4.033232334
GSM1425730	36.14612192	31.5	4.646121919
GSM1425731	35.8201235	31.5	4.320123495
GSM1425732	41.03524988	31.5	9.535249881
GSM1425733	22.26625075	27.5	5.233749249
GSM1425734	30.75938056	27.5	3.259380558
GSM1425735	31.87778822	27.5	4.377788219
GSM1425736	64.79756581	74.5	9.70243419
GSM1425737	65.47900113	77.5	12.02099887
GSM1425738	66.99159372	77.5	10.50840628
GSM1425739	16.95349266	25.5	8.546507338
GSM1425740	29.31826921	25.5	3.818269214
GSM1425741	30.0082794	25.5	4.508279396
GSM1425742	68.54522442	77.5	8.95477558
GSM1425743	70.7153915	77.5	6.784608502
GSM1425744	58.99945259	77.5	18.50054741
GSM1425745	62.53432276	77.5	14.96567724
GSM1425746	60.94317548	77.5	16.55682452
GSM1425747	19.06438523	22.5	3.435614773
GSM1425748	25.94258604	22.5	3.442586041
GSM1425749	67.85472181	77.5	9.645278188
GSM1425750	32.11374711	22.5	9.613747108
GSM1425751	24.67248976	25.5	0.827510243
GSM1425752	27.01674061	25.5	1.516740609
GSM1425753	21.4077683	24.5	3.092231703
GSM1425754	34.60796992	24.5	10.10796992
GSM1425755	73.89646679	77.5	3.603533208
GSM1425756	66.08994733	77.5	11.41005267
GSM1425757	32.20872951	25.5	6.708729506
GSM1425758	30.39968171	24.5	5.899681708
GSM1425759	75.98837102	77.5	1.511628976
GSM852282	0.903931142	0.5	0.403931142
GSM852283	0.593032157	0.5	0.093032157
GSM852284	0.741739269	0.5	0.241739269
GSM852285	2.476375657	1.5	0.976375657
GSM852286	1.65030838	1.5	0.15030838
GSM852287	1.366304025	1.5	0.133695975
GSM852288	0.738507241	0.5	0.238507241
GSM852289	0.612996705	0.5	0.112996705
GSM852290	0.946150518	0.5	0.446150518
GSM852291	2.264724098	1.5	0.764724098
GSM852292	1.760607187	1.5	0.260607187
GSM852293	2.179901457	1.5	0.679901457
GSM852294	0.630724464	0.5	0.130724464
GSM852295	1.203750657	0.5	0.703750657
GSM852296	0.688441227	0.5	0.188441227
GSM852297	2.234007179	1.5	0.734007179
GSM852298	2.918320417	1.5	1.418320417
GSM852299	1.920771921	1.5	0.420771921
GSM852300	0.831218671	0.5	0.331218671
GSM852301	0.797729094	0.5	0.297729094
GSM852302	1.022501384	0.5	0.522501384
GSM852303	2.364698079	1.5	0.864698079
GSM852304	2.212034715	1.5	0.712034715
GSM852305	2.223965032	1.5	0.723965032
GSM852306	1.113541549	0.5	0.613541549
GSM852307	0.427191554	0.5	0.072808446
GSM852308	0.67433093	0.5	0.17433093
GSM852309	2.389328793	1.5	0.889328793
GSM852310	1.460415485	1.5	0.039584515
GSM852311	1.352105499	1.5	0.147894501
GSM852312	0.798672473	0.5	0.298672473
GSM852313	0.761176956	0.5	0.261176956
GSM852314	0.532957317	0.5	0.032957317
GSM852315	1.825496142	1.5	0.325496142
GSM852316	1.568250761	1.5	0.068250761
GSM852317	1.835959397	1.5	0.335959397
GSM852318	0.613194269	0.5	0.113194269
GSM852319	1.021339672	0.5	0.521339672
GSM852320	0.618647605	0.5	0.118647605
GSM852321	1.83820522	1.5	0.33820522
GSM852322	2.259274253	1.5	0.759274253
GSM852323	1.953472517	1.5	0.453472517
GSM852324	0.881158399	0.5	0.381158399
GSM852325	0.652537161	0.5	0.152537161
GSM852326	1.006207646	0.5	0.506207646
GSM852327	2.060656959	1.5	0.560656959
GSM852328	1.520326729	1.5	0.020326729
GSM852329	2.096187824	1.5	0.596187824
GSM2729899	9.701692822	8.52	1.181692822
GSM2729901	10.9585665	12.4	1.4414335
GSM2729903	9.626206818	11.59	1.963793182
GSM2729905	11.85754902	10.61	1.247549023
GSM2729907	13.71921266	11.85	1.869212656
GSM2729909	8.023655539	7.52	0.503655539
GSM2729911	6.525213203	7.03	0.504786797
GSM2729913	9.989738356	7.58	2.409738356
GSM2729915	14.52678544	11.53	2.996785442
GSM2729917	10.45203598	9.7	0.75203598
GSM2729919	17.44932353	14.44	3.009323528
GSM2729921	8.037308529	6.71	1.327308529
GSM2729923	5.780738369	4.6	1.180738369
GSM2729925	9.406312807	9.41	0.003687193
GSM2729927	8.503795189	6.87	1.633795189
GSM2729929	7.569776187	8.56	0.990223813
GSM2729931	10.69437475	9.88	0.814374747
GSM2729933	9.40780289	9.93	0.52219711
GSM2819484	21.25273806	22.5	1.247261943
GSM2819485	19.64852619	22.5	2.851473809
GSM2819486	19.90409149	21.5	1.595908514
GSM2819487	17.41111354	19.5	2.08888646
GSM2819488	22.54606922	21.5	1.046069216
GSM2819489	16.4162934	19.5	3.083706598
GSM2819490	18.9719641	20.5	1.528035901
GSM2819491	19.62838608	21.5	1.871613919
GSM2819492	19.39636125	22.5	3.103638746
GSM2819493	20.27860272	21.5	1.221397284
GSM2819494	24.33614805	22.5	1.836148053
GSM2819495	23.09567666	23.5	0.404323342
GSM2819496	23.51548175	21.5	2.015481754
GSM2819497	19.00256912	19.5	0.497430883
GSM2819498	22.44060533	21.5	0.940605327
GSM2819499	20.10514185	20.5	0.394858152
GSM2819500	16.17232053	23.5	7.327679468
GSM2819501	22.01985184	19.5	2.519851839
GSM2819502	14.74505837	19.5	4.754941633
GSM2819503	23.5256629	22.5	1.025662902
GSM2819504	22.26154309	22.5	0.238456911
GSM2819505	15.64722755	21.5	5.85277245
GSM2819506	16.07654439	19.5	3.423455605
GSM2819507	15.17099403	19.5	4.329005973
GSM2819508	16.53115674	20.5	3.96884326
GSM2819509	19.06365407	21.5	2.436345929
GSM2819510	18.36977259	22.5	4.130227411
GSM2819511	19.1479959	21.5	2.352004104
GSM2819512	28.56930111	22.5	6.069301108
GSM2819513	23.27745817	23.5	0.22254183
GSM2819514	26.79084144	21.5	5.290841441
GSM2819515	18.30546673	19.5	1.194533274
GSM2819516	23.78938168	21.5	2.28938168
GSM2819517	19.54813722	20.5	0.951862783
GSM2819518	24.29204208	23.5	0.792042083
GSM2819519	27.95341264	19.5	8.453412637
GSM2819520	17.92369544	19.5	1.576304558
GSM2819521	24.03344055	21.5	2.533440552
GSM2819522	15.14773007	19.5	4.352269932
GSM2819523	18.59035585	20.5	1.909644148
GSM2819524	21.33320479	21.5	0.166795211
GSM2819525	17.96683149	22.5	4.533168506
GSM2819526	21.30499457	21.5	0.195005432
GSM2819527	27.75363459	22.5	5.253634585
GSM2819528	24.00012902	23.5	0.500129025
GSM2819529	25.33421733	21.5	3.834217331
GSM2819530	18.19004584	19.5	1.309954161
GSM2819531	20.91789942	20.5	0.417899417
GSM2819532	20.76225508	23.5	2.737744918
GSM2819533	27.44099152	19.5	7.940991519
GSM2819534	15.10054386	19.5	4.399456145
GSM2819535	25.62934079	22.5	3.129340786
GSM2819536	21.19129479	22.5	1.308705215
GSM2819537	18.6365272	21.5	2.863472803
GSM2819538	13.50519642	19.5	5.994803578
GSM2819539	24.96932033	21.5	3.469320334
GSM2819540	14.7724086	19.5	4.7275914
GSM2819541	21.20870061	20.5	0.70870061
GSM2819542	22.19003601	21.5	0.690036008
GSM2819543	21.99225283	22.5	0.507747174
GSM2819544	20.62029751	21.5	0.879702493
GSM2819545	25.37372753	22.5	2.873727527
GSM2819546	24.92734723	23.5	1.427347229
GSM2819547	28.33279436	21.5	6.832794361
GSM2819548	18.05833476	19.5	1.441665242
GSM2819549	21.65217206	20.5	1.152172055
GSM2819550	21.81696999	23.5	1.683030015
GSM2819551	27.97661761	19.5	8.476617611
GSM2819552	14.51264811	19.5	4.987351892
GSM2819553	24.33798548	22.5	1.837985483
GSM2819554	23.22972585	22.5	0.729725852
GSM2819555	19.95863909	21.5	1.541360911
GSM2819556	21.8620936	19.5	2.3620936
GSM2819557	25.52165714	21.5	4.021657137
GSM2819558	15.60325903	19.5	3.89674097
GSM2819559	20.39951659	20.5	0.100483414
GSM2819560	23.37320029	21.5	1.873200285
GSM2819561	23.27690889	22.5	0.77690889
GSM2819562	16.659233	21.5	4.840766997
GSM2819563	23.04393707	22.5	0.543937068
GSM2819564	25.04899551	23.5	1.548995507
GSM2819571	28.91704271	21.5	7.417042709
GSM2819572	22.45787185	19.5	2.957871849
GSM2819573	23.84429748	21.5	2.344297482
GSM2819574	22.18611129	20.5	1.686111289
GSM2819575	24.08429027	23.5	0.584290267
GSM2819576	26.07650291	19.5	6.576502906
GSM2819577	15.28301973	19.5	4.216980273
GSM2819578	11.92113699	19.5	7.578863014
GSM2819579	11.89939266	20.5	8.600607341
GSM2819580	20.14775868	21.5	1.35224132
GSM2819581	19.85098615	22.5	2.649013849
GSM2819582	18.01143867	21.5	3.48856133
GSM2819583	24.47897184	22.5	1.978971837
GSM2819584	22.7648937	23.5	0.7351063
GSM2819585	22.93577899	21.5	1.435778986
GSM2819586	18.98843791	19.5	0.51156209
GSM2819587	22.80075903	21.5	1.300759028
GSM2819588	13.83344307	20.5	6.666556934
GSM2819589	21.90350013	23.5	1.59649987
GSM2819590	28.26675705	19.5	8.766757049
GSM2819591	17.47656292	19.5	2.02343708
GSM2819592	22.44570722	22.5	0.054292776
GSM2819593	19.67345783	22.5	2.82654217
GSM2819594	20.14715008	21.5	1.352849925
GSM2819595	15.77831308	19.5	3.72168692
GSM2819596	22.30143947	21.5	0.80143947
GSM2336819	31.09153633	30.8	0.291536332
GSM2336824	28.97456763	24.3	4.674567634
GSM2336827	40.6865095	30.7	9.986509499
GSM2336828	55.65214429	58.5	2.847855714
GSM2336833	40.52687437	37.4	3.126874365
GSM2336839	38.36297295	34.9	3.462972953
GSM2336841	37.78583812	30.5	7.285838121
GSM2336845	45.41018229	41.5	3.910182288
GSM2336849	26.01972146	24.3	1.719721457
GSM2336851	27.89378771	30.8	2.906212289
GSM2336856	39.83647652	32.6	7.236476523
GSM2336857	49.71594555	54.3	4.584054452
GSM2336858	55.07041647	49.1	5.970416465
GSM2336861	44.18083425	43.9	0.280834245
GSM2336865	34.04669358	30.8	3.24669358
GSM2336868	45.86569378	42.8	3.065693775
GSM2336869	34.90039205	37.4	2.499607946
GSM2336874	27.07575714	33.7	6.624242856
GSM2336875	43.40439983	32.6	10.80439983
GSM2336879	38.8815664	49.1	10.2184336
GSM2336883	27.33082684	25.2	2.130826838
GSM2336884	48.92848671	41.5	7.428486706
GSM2336889	57.47561557	58.5	1.024384432
GSM2336891	40.58299028	37.4	3.182990283
GSM2336894	36.88558172	33.7	3.185581721
GSM2336895	44.92035856	40.2	4.720358559
GSM2336896	31.78841026	31.1	0.688410259
GSM2336899	44.5470005	43.9	0.647000502
GSM2336900	22.39944295	30.8	8.400557048
GSM2336907	35.21557394	30.8	4.415573937
GSM2336908	28.23594362	25.2	3.035943621
GSM2336910	57.26379167	58.5	1.236208332
GSM2336911	32.63487594	32.6	0.034875937
GSM2336917	14.51551998	25.2	10.68448002
GSM2336919	21.55182198	20.5	1.051821984
GSM2336921	32.06571632	30.3	1.765716322
GSM2336922	24.47331649	43.9	19.42668351
GSM2336927	19.36889309	31.1	11.73110691
GSM2336929	31.74079924	31.1	0.640799237
GSM2336934	28.02372309	30.8	2.776276911
GSM2336935	26.42742042	37.4	10.97257958
GSM2336937	29.19441957	30.8	1.605580426
GSM2336939	30.70863256	34.9	4.191367436
GSM2336941	17.60613717	20.5	2.893862827
GSM2336947	36.8430464	32.6	4.243046397
GSM2336949	40.94936317	40.2	0.749363166
GSM2336950	45.83990365	54.3	8.460096346
GSM2336952	39.12613229	30.7	8.42613229
GSM2336953	48.0406426	42.8	5.240642597
GSM2336957	35.76196151	43.9	8.138038487
GSM2336963	37.08760487	30.7	6.387604868
GSM2336964	32.64560531	30.8	1.845605305
GSM2336965	49.41206202	41.5	7.912062016
GSM2336967	52.91165753	54.3	1.38834247
GSM2336971	32.24954229	31.1	1.149542289
GSM2336973	29.65544835	24.3	5.355448347
GSM2336974	20.31984452	20.5	0.180155484
GSM2336978	28.55698479	30.8	2.243015207
GSM2336980	42.06486742	41.5	0.564867417
GSM2336981	48.75825879	49.1	0.341741206
GSM2336983	29.77652974	24.3	5.476529736
GSM2336984	33.33557147	33.7	0.364428526
GSM2336989	40.80595399	40.2	0.605953987
GSM2336990	38.07380759	34.9	3.173807585
GSM2336991	37.06883943	29.9	7.168839432
GSM2336994	35.29374466	30.7	4.593744661
GSM2336996	36.72292411	33.7	3.022924107
GSM2337002	29.13036367	30.5	1.369636328
GSM2337006	45.03545813	49.1	4.06454187
GSM2337007	44.59814432	42.8	1.798144323
GSM2337017	39.41019627	40.2	0.789803731
GSM2337020	20.31884253	20.5	0.181157465
GSM2337021	34.47476388	30.8	3.674763881
GSM2337022	32.3246737	30.3	2.024673699
GSM2337027	53.85221877	54.3	0.447781228
GSM2337030	29.30012595	30.3	0.999874052
GSM2337035	32.0753506	30.5	1.575350605
GSM2337036	31.74474606	30.8	0.944746057
GSM2337042	25.87604675	25.2	0.676046748
GSM2337046	59.46296164	58.5	0.962961645
GSM2337050	43.68426038	42.8	0.884260378
GSM2337051	35.74536706	34.9	0.845367055
GSM2337055	25.63034935	27.3	1.669650653
GSM2337057	31.00119246	25.5	5.50119246
GSM908383	37.14652726	38.5	1.353472743
GSM908384	22.95841652	26.5	3.541583479
GSM908385	37.98627979	33.5	4.486279791
GSM908386	40.99325537	38.5	2.493255373
GSM908387	34.39284591	37.5	3.107154091
GSM908388	31.59287553	31.5	0.092875534
GSM908389	36.09092608	38.5	2.409073917
GSM908390	38.62988472	37.5	1.129884722
GSM908391	33.7347056	31.5	2.2347056
GSM908392	33.21251839	30.5	2.712518389
GSM908393	32.9513087	39.5	6.548691298
GSM908394	30.00038036	32.5	2.499619643
GSM908395	23.84730228	27.5	3.652697725
GSM908396	19.84100243	25.5	5.658997573
GSM908397	35.15754423	31.5	3.657544226
GSM908398	47.31000921	39.5	7.810009212
GSM908399	37.14067478	37.5	0.359325221
GSM908400	38.83857625	36.5	2.33857625
GSM908401	34.65035559	38.5	3.849644414
GSM908402	40.57524241	38.5	2.075242412
GSM908403	33.23874699	38.5	5.261253008
GSM908404	26.44282435	32.5	6.057175647
GSM908405	36.63441923	35.5	1.134419226
GSM908406	29.32756566	28.5	0.82756566
GSM908407	29.5890608	32.5	2.9109392
GSM908408	31.53691392	33.5	1.963086077
GSM908409	23.52787076	26.5	2.972129242
GSM908410	22.21175376	25.5	3.288246239
GSM908411	32.73131976	33.5	0.768680245
GSM908412	32.50676019	35.5	2.993239809
GSM908413	37.34063668	34.5	2.840636677
GSM908414	41.49476544	40.5	0.994765435
GSM908415	39.71064396	40.5	0.789356037
GSM908416	25.98921211	29.5	3.510787894
GSM908417	19.58623933	24.5	4.913760674
GSM908418	23.56118348	31.5	7.938816521
GSM908419	22.15187036	26.5	4.348129643
GSM908420	32.58921269	25.5	7.089212689
GSM908421	30.67440991	32.5	1.825590091
GSM908422	33.33734401	37.5	4.162655991
GSM908423	29.71235348	29.5	0.212353475
GSM908424	32.37256594	31.5	0.872565939
GSM908425	32.57558187	33.5	0.924418134
GSM908426	36.90028918	33.5	3.400289179
GSM908427	32.55990277	33.5	0.940097228
GSM908428	40.49945442	40.5	0.00054558
GSM908429	42.24850628	37.5	4.74850628
GSM908430	43.38887264	37.5	5.888872643
GSM908431	38.13026643	35.5	2.630266428
GSM908432	38.69250347	35.5	3.192503473
GSM908433	34.4723486	36.5	2.027651397
GSM908434	33.83216468	37.5	3.667835324
GSM908435	25.12791789	30.5	5.372082106
GSM908436	29.08765277	25.5	3.587652769
GSM908437	28.23657435	31.5	3.263425647
GSM908438	31.27831708	31.5	0.22168292
GSM908439	33.33494108	35.5	2.16505892
GSM908440	35.13469	35.5	0.365309999
GSM908441	32.40958586	33.5	1.090414139
GSM908442	24.05211242	25.5	1.447887576
GSM908443	41.66154527	34.5	7.161545269
GSM908444	32.0060053	33.5	1.493994699
GSM908445	21.41881746	27.5	6.081182537
GSM908446	22.82368403	26.5	3.676315965
GSM908447	36.96599035	35.5	1.465990345
GSM908448	29.50178691	29.5	0.001786909
GSM908449	31.21589438	28.5	2.715894383
GSM908450	38.26141394	40.5	2.238586065
GSM908451	27.14415771	31.5	4.35584229
GSM908452	29.64060959	27.5	2.140609585
GSM908453	31.13683484	36.5	5.363165158
GSM908454	22.73779954	25.5	2.76220046
GSM908455	24.50302159	28.5	3.996978413
GSM908456	23.96363501	26.5	2.536364986
GSM908457	27.42003722	27.5	0.079962783
GSM908458	21.00896062	26.5	5.491039383
GSM908459	34.4962258	35.5	1.003774204
GSM908460	29.76673201	33.5	3.73326799
GSM908461	30.68771326	33.5	2.812286738
GSM908462	31.85464897	30.5	1.35464897
GSM908463	27.63148866	30.5	2.868511338
GSM908464	28.17715709	31.5	3.322842909
GSM908465	29.7615579	34.5	4.738442097
GSM908466	25.67127448	31.5	5.828725518
GSM908467	25.48580645	30.5	5.014193552
GSM908468	36.92596857	41.5	4.574031429
GSM908469	30.16019284	32.5	2.339807158
GSM908470	42.88921731	43.5	0.610782692
GSM908471	37.08715286	40.5	3.412847137
GSM908472	40.97847485	41.5	0.521525148
GSM908473	42.48132049	45.5	3.018679509
GSM908474	20.75364281	25.5	4.746357186
GSM908475	32.11559561	34.5	2.384404394
GSM908476	31.02606435	35.5	4.473935652
GSM908477	36.03828388	37.5	1.461716115
GSM908478	35.06847017	40.5	5.431529835
GSM908479	34.12501751	39.5	5.374982491
GSM908480	38.92844172	42.5	3.571558282
GSM908481	26.96273964	26.5	0.462739638
GSM2867773	32.06590708	29.37808219	2.687824891
GSM2867891	35.44759968	31.71232877	3.735270912
GSM2867892	36.3118812	32.09315068	4.21873052
GSM2867774	31.19138568	27.86027397	3.331111709
GSM2867775	29.21790597	28.30410959	0.913796381
GSM2867893	22.45884955	24.52876712	2.069917571
GSM2867894	26.51400534	24.19178082	2.322224521
GSM2867776	27.67878784	21.58356164	6.095226203
GSM2867777	29.50432844	21.87123288	7.633095561
GSM2867778	19.31494387	23.84383562	4.528891754
GSM2867779	20.93471417	24.09041096	3.155696787
GSM2867780	27.5609628	26.57534247	0.985620333
GSM2867781	27.33143049	26.80547945	0.525951044
GSM2867782	21.01170383	22.24109589	1.229392058
GSM2867783	31.41116937	31.48219178	0.071022409
GSM2867784	30.54631758	31.81643836	1.270120775
GSM2867785	21.74522371	22.12054795	0.375324242
GSM2867786	24.12080482	22.42465753	1.696147287
GSM2867787	33.20551206	28.55890411	4.646607951
GSM2867788	30.99587921	28.85753425	2.138344962
GSM2867789	17.88580327	22.07123288	4.185429613
GSM2867790	16.74091341	22.43835616	5.69744275
GSM2867791	32.76048257	29.40821918	3.352263392
GSM2867792	31.31256235	29.8	1.512562348
GSM2867793	24.91795072	26.49315068	1.57519996
GSM2867794	24.45869044	26.79726027	2.33856983
GSM2867795	16.69006485	23.11232877	6.422263917
GSM2867866	25.56465169	22.8739726	2.690679095
GSM2867867	25.2868138	23.16164384	2.125169959
GSM2867796	29.80239498	30.68219178	0.879796796
GSM2867797	27.09991816	30.91232877	3.81241061
GSM2867798	23.87527063	22.19178082	1.683489809
GSM2867799	24.11473379	22.42191781	1.692815983
GSM2867800	26.76927095	27.66027397	0.891003022
GSM2867801	26.02788158	28.00821918	1.980337605
GSM2867868	33.81928791	32.68219178	1.137096133
GSM2867869	30.86736913	32.94520548	2.077836354
GSM2867802	35.69237779	33.93150685	1.760870941
GSM2867803	32.58834481	34.17534247	1.586997663
GSM2867895	16.545739	18.50958904	1.963850042
GSM2867870	30.96592875	23.49315068	7.472778068
GSM2867871	32.21032367	23.86027397	8.350049697
GSM2867872	24.86713243	21.26027397	3.606858464
GSM2867873	25.07224342	21.60821918	3.464024245
GSM2867804	28.614571	21.71506849	6.899502513
GSM2867805	28.05306844	22.10136986	5.951698577
GSM2867806	22.34662968	24.72054795	2.37391827
GSM2867807	23.26795529	25.5	2.232044707
GSM2867874	27.20806281	25.61917808	1.588884732
GSM2867875	26.74787229	25.88219178	0.865680512
GSM2867876	18.1076148	19.82739726	1.719782456
GSM2867877	17.66389996	20.15068493	2.486784966
GSM2867808	19.81159753	23.81369863	4.002101103
GSM2867809	23.96472612	24.22739726	0.262671136
GSM2867810	24.14181399	27.46575342	3.323939434
GSM2867811	17.14615695	18.19452055	1.048363604
GSM2867812	19.59570625	18.52054795	1.075158305
GSM2867878	25.36153764	25.64657534	0.285037697
GSM2867879	20.99678476	26.04931507	5.052530312
GSM2867813	20.8041893	19.00547945	1.798709853
GSM2867814	23.45081096	19.30958904	4.141221917
GSM2867815	21.93548441	19.08493151	2.850552899
GSM2867816	22.1818201	19.34794521	2.833874893
GSM2867817	24.25134342	21.80273973	2.448603689
GSM2867818	23.18323661	21.1369863	2.046250314
GSM2867819	24.14261851	21.56164384	2.580974674
GSM2867820	28.11154967	32.20821918	4.096669514
GSM2867821	36.17474014	32.50684932	3.667890822
GSM2867880	25.40682198	25.73150685	0.324684873
GSM2867881	28.91739269	26.09589041	2.821502281
GSM2867822	25.04390955	21.88493151	3.15897804
GSM2867823	22.4199501	22.25753425	0.162415848
GSM2867824	25.72991268	23.12328767	2.606625006
GSM2867825	25.96871422	22.83561644	3.133097776
GSM2867826	24.3250072	23.26027397	1.06473323
GSM2867827	25.55870037	27.29589041	1.737190037
GSM2867828	29.51402447	27.69589041	1.818134062
GSM2867829	26.55994341	23.31232877	3.247614645
GSM2867830	26.88369279	25.32054795	1.563144838
GSM2867831	23.88127141	25.54794521	1.666673798
GSM2867832	34.54126655	32.04657534	2.494691213
GSM2867833	33.4400576	32.31232877	1.127728828
GSM2867896	19.05039096	21.34520548	2.294814524
GSM2867882	26.65333259	25.8	0.853332587
GSM2867883	25.64399503	26.10958904	0.465594011
GSM2867884	24.71958582	28.90684932	4.187263501
GSM2867885	23.76804773	29.21369863	5.445650901
GSM2867898	15.23082683	19.61643836	4.385611531
GSM2867899	17.2635476	19.8739726	2.610425001
GSM2867834	22.99689254	21.74520548	1.251687055
GSM2867835	24.43372977	25.90136986	1.467640093
GSM2867836	25.60928571	26.23287671	0.623591002
GSM2867886	22.1466098	20.69863014	1.447979658
GSM2867887	23.53656655	20.91232877	2.624237785
GSM2867837	33.45740002	35.31780822	1.860408202
GSM2867838	35.09118967	35.66575342	0.574563752
GSM2867839	20.23155301	20.25205479	0.02050178
GSM2867840	18.62530583	21.98630137	3.360995542
GSM2867841	31.47321446	25.36986301	6.103351452
GSM2867842	31.57131538	25.55890411	6.012411273
GSM2867843	23.54479459	23.0739726	0.470821992
GSM2867844	29.63033694	23.3260274	6.304309543
GSM2867845	33.52788489	23.85753425	9.670350644
GSM2867846	22.27869668	19.46849315	2.81020353
GSM2867847	35.14101272	25.91506849	9.225944233
GSM2867848	24.05311764	24.68219178	0.629074136
GSM2867849	22.95235969	19.85753425	3.094825443
GSM2867850	20.40746508	22.80273973	2.395274648
GSM2867851	20.50686572	23.07123288	2.564367162
GSM2867852	33.07758492	20.28767123	12.78991369
GSM2867853	25.17705331	20.54246575	4.634587563
GSM2867854	26.82484717	18.89041096	7.934436205
GSM2867855	18.69585625	19.14246575	0.446609495
GSM2867856	19.80035529	19.90136986	0.101014571
GSM2867857	35.52991842	32.71506849	2.814849932
GSM2867888	18.03812891	20.72054795	2.682419043
GSM2867858	20.15291563	21.33424658	1.181330951
GSM2867859	19.8934158	21.57534247	1.681926673
GSM2867860	17.63085978	18.35068493	0.719825148
GSM2867861	23.20085919	18.68219178	4.518667406
GSM2867862	27.01977794	25.36986301	1.649914933
GSM2867863	24.74795691	25.69041096	0.942454047
GSM2867897	31.25665642	25.20273973	6.05391669
GSM2867864	39.4220081	32.20547945	7.21652865
GSM2867865	33.77524545	32.4739726	1.301272853
GSM2867889	29.56479862	32.13972603	2.574927411
GSM2867890	30.21794796	31.75616438	1.538216424
GSM1506336	56.42546844	60.5	4.074531557
GSM1506342	61.59826364	60.5	1.09826364
GSM1506337	60.209427	60.5	0.290572999
GSM1506343	57.7874594	60.5	2.712540602
GSM1506338	56.19755721	60.5	4.302442789
GSM1506344	56.16660699	60.5	4.33339301
GSM1506339	56.72264179	59.5	2.77735821
GSM1506345	54.17182014	60.5	6.328179861
GSM1506340	57.72379485	59.5	1.776205154
GSM1506346	60.75320076	59.5	1.253200758
GSM1506341	62.80488651	59.5	3.304886505
GSM1506347	63.13944373	59.5	3.639443731
GSM1506300	65.2514546	66.5	1.248545397
GSM1506306	61.52065324	66.5	4.979346756
GSM1506301	79.98728449	65.5	14.48728449
GSM1506307	70.7635245	65.5	5.263524503
GSM1506302	70.37714703	65.5	4.877147028
GSM1506308	64.43390794	65.5	1.066092062
GSM1506303	60.99248463	64.5	3.507515368
GSM1506309	61.86659127	64.5	2.633408726
GSM1506304	58.05885182	63.5	5.441148185
GSM1506310	57.89565781	63.5	5.604342192
GSM1506305	67.60310676	63.5	4.103106763
GSM1506311	63.66409456	63.5	0.164094563
GSM1506348	32.66338733	31.5	1.163387335
GSM1506354	32.04381568	31.5	0.543815679
GSM1506349	33.09113452	31.5	1.591134515
GSM1506355	33.1645285	31.5	1.664528498
GSM1506350	42.78985375	31.5	11.28985375
GSM1506356	38.4488811	32.5	5.948881096
GSM1506351	36.09691182	31.5	4.596911819
GSM1506357	38.94126782	31.5	7.441267825
GSM1506352	35.87677149	31.5	4.37677149
GSM1506358	36.17020289	31.5	4.670202888
GSM1506353	31.34642267	30.5	0.846422671
GSM1506359	29.61217307	30.5	0.887826935
GSM1506276	67.51826379	74.5	6.98173621
GSM1506282	67.28557118	73.5	6.214428815
GSM1506277	65.865866	71.5	5.634134
GSM1506283	67.04718615	71.5	4.452813849
GSM1506278	63.06414213	71.5	8.43585787
GSM1506284	71.49682699	71.5	0.003173011
GSM1506279	66.11285983	70.5	4.387140174
GSM1506285	69.6731549	70.5	0.826845104
GSM1506280	70.05725877	70.5	0.442741227
GSM1506286	71.63371234	70.5	1.133712336
GSM1506281	71.37324265	70.5	0.873242652
GSM1506287	70.03631132	70.5	0.463688682
GSM1506324	63.42240987	62.5	0.922409868
GSM1506330	59.22526526	62.5	3.274734742
GSM1506325	53.96889556	62.5	8.531104445
GSM1506331	62.52142983	62.5	0.021429832
GSM1506326	61.46426413	60.5	0.964264133
GSM1506332	62.88310488	60.5	2.383104881
GSM1506327	37.8209345	35.5	2.320934501
GSM1506333	36.67295918	35.5	1.172959184
GSM1506328	55.02875094	60.5	5.471249061
GSM1506334	55.60291121	60.5	4.897088788
GSM1506329	62.646227	60.5	2.146227004
GSM1506335	56.14088575	60.5	4.359114247
GSM1506360	68.91113852	74.5	5.588861484
GSM1506366	63.88486042	74.5	10.61513958
GSM1506361	66.80330343	68.5	1.696696569
GSM1506367	67.64306806	68.5	0.856931937
GSM1506362	64.2719503	67.5	3.228049696
GSM1506368	66.81225823	67.5	0.687741773
GSM1506363	65.0926526	66.5	1.407347402
GSM1506369	67.71735883	66.5	1.217358834
GSM1506364	61.00227942	65.5	4.497720576
GSM1506370	60.69632449	65.5	4.803675513
GSM1506365	56.17069734	65.5	9.329302659
GSM1506371	62.77173008	65.5	2.728269921
GSM1506312	67.78869714	63.5	4.288697143
GSM1506318	56.56144398	63.5	6.938556015
GSM1506313	61.25881408	62.5	1.241185922
GSM1506319	60.23371894	62.5	2.266281064
GSM1506314	65.38036041	62.5	2.880360406
GSM1506320	63.770715	62.5	1.270715
GSM1506315	78.89771575	63.5	15.39771575
GSM1506321	60.95296478	63.5	2.547035221
GSM1506316	66.63970249	62.5	4.139702487
GSM1506322	64.22744949	62.5	1.727449491
GSM1506564	36.98227709	33.5	3.482277086
GSM1506570	37.03063012	33.5	3.530630116
GSM1506565	35.26585883	33.5	1.765858833
GSM1506571	33.80498263	33.5	0.304982634
GSM1506566	32.27720606	33.5	1.222793945
GSM1506572	31.174697	33.5	2.325302999
GSM1506567	35.23058925	31.5	3.730589247
GSM1506573	34.64764804	31.5	3.147648039
GSM1506568	36.49023066	30.5	5.990230657
GSM1506574	38.46692631	30.5	7.966926313
GSM1506569	65.49468225	69.5	4.005317747
GSM1506575	65.11752043	69.5	4.382479565
GSM1506528	32.00494864	33.5	1.49505136
GSM1506534	35.24768406	33.5	1.747684062
GSM1506529	38.3424316	33.5	4.842431603
GSM1506535	37.83201816	32.5	5.332018156
GSM1506530	39.04845311	32.5	6.548453113
GSM1506536	42.29484921	32.5	9.794849209
GSM1506531	37.3789796	32.5	4.878979602
GSM1506537	33.85848758	32.5	1.35848758
GSM1506532	31.25369871	31.5	0.246301288
GSM1506538	31.35759985	31.5	0.14240015
GSM1506533	35.34751146	32.5	2.847511456
GSM1506539	34.10099867	31.5	2.600998671
GSM1506288	74.30104697	70.5	3.801046975
GSM1506294	69.24103827	70.5	1.258961735
GSM1506289	61.71709997	68.5	6.782900029
GSM1506295	62.98342439	68.5	5.516575608
GSM1506290	67.67369053	68.5	0.82630947
GSM1506296	73.22943707	68.5	4.729437074
GSM1506291	68.74387066	67.5	1.243870657
GSM1506297	76.90556811	67.5	9.405568109
GSM1506292	66.80702471	66.5	0.307024707
GSM1506298	70.18381689	66.5	3.683816886
GSM1506293	58.67192499	66.5	7.828075006
GSM1506299	58.72376596	66.5	7.776234037
GSM1506540	65.34594965	64.5	0.845949649
GSM1506546	68.17874068	64.5	3.678740677
GSM1506541	66.25821569	64.5	1.758215689
GSM1506547	63.86890793	64.5	0.631092068
GSM1506542	60.40855394	63.5	3.091446062
GSM1506548	63.81217585	63.5	0.312175851
GSM1506543	56.16125081	60.5	4.33874919
GSM1506549	55.02593436	60.5	5.474065638
GSM1506544	54.56590817	59.5	4.934091828
GSM1506550	53.0086061	59.5	6.491393897
GSM1506545	55.5656588	57.5	1.934341197
GSM1506551	61.51537255	57.5	4.015372546
GSM1506480	59.94362371	61.5	1.556376293
GSM1506486	61.07859851	61.5	0.421401494
GSM1506481	59.50908497	61.5	1.990915026
GSM1506487	60.98259404	61.5	0.517405957
GSM1506482	61.53667338	61.5	0.036673381
GSM1506488	62.32295738	61.5	0.822957382
GSM1506483	59.59454517	61.5	1.905454826
GSM1506489	59.13208778	61.5	2.367912223
GSM1506484	58.8445563	61.5	2.655443703
GSM1506490	57.25905925	61.5	4.240940749
GSM1506485	60.55455743	61.5	0.945442569
GSM1506491	63.1698672	61.5	1.669867204
GSM1506552	39.46888562	36.5	2.968885616
GSM1506558	39.29650765	36.5	2.796507648
GSM1506553	41.08465833	35.5	5.584658333
GSM1506559	39.99111621	35.5	4.491116214
GSM1506554	38.51342293	35.5	3.013422926
GSM1506560	37.13381625	35.5	1.633816253
GSM1506555	40.77437274	34.5	6.274372742
GSM1506561	41.67799706	34.5	7.177997056
GSM1506556	38.82908323	34.5	4.32908323
GSM1506562	38.68213491	34.5	4.182134914
GSM1506557	36.64974524	33.5	3.149745242
GSM1506563	40.27885563	33.5	6.778855626
GSM1506504	42.44180529	37.5	4.94180529
GSM1506510	39.81576422	37.5	2.315764223
GSM1506505	41.36713749	36.5	4.867137494
GSM1506511	44.32020635	36.5	7.820206355
GSM1506506	40.30365215	36.5	3.803652154
GSM1506512	40.43860537	36.5	3.938605375
GSM1506507	45.23008351	36.5	8.730083508
GSM1506513	46.36012121	36.5	9.860121207
GSM1506508	38.89430057	36.5	2.394300573
GSM1506514	37.39621898	36.5	0.896218976
GSM1506509	36.07336961	36.5	0.426630389
GSM1506515	36.77205982	36.5	0.272059818
GSM1506516	40.64812701	34.5	6.148127014
GSM1506522	39.74642985	34.5	5.246429855
GSM1506517	37.22839248	34.5	2.728392485
GSM1506523	39.25690624	34.5	4.75690624
GSM1506518	34.7326205	33.5	1.232620499
GSM1506524	34.61316936	33.5	1.113169365
GSM1506519	35.8341433	34.5	1.334143304
GSM1506525	40.21114775	34.5	5.71114775
GSM1506520	32.90257683	33.5	0.597423169
GSM1506526	35.98420202	33.5	2.484202021
GSM1506521	33.17855279	33.5	0.321447212
GSM1506527	31.7976579	33.5	1.702342102
GSM1506468	63.4211822	64.5	1.078817797
GSM1506474	60.71445162	64.5	3.785548385
GSM1506469	66.37276628	63.5	2.872766277
GSM1506475	66.71605385	63.5	3.216053855
GSM1506470	64.59333817	63.5	1.093338169
GSM1506476	62.0408902	63.5	1.4591098
GSM1506471	58.26333551	62.5	4.236664488
GSM1506477	60.71268852	62.5	1.787311484
GSM1506472	64.16433271	62.5	1.664332706
GSM1506478	65.43424377	62.5	2.934243768
GSM1506473	62.4738452	62.5	0.0261548
GSM1506479	62.53268694	62.5	0.032686936
GSM1506492	56.15187755	60.5	4.348122452
GSM1506498	54.61131195	60.5	5.888688054
GSM1506493	61.26823553	59.5	1.768235534
GSM1506499	57.42338993	59.5	2.076610068
GSM1506494	39.36956791	35.5	3.869567908
GSM1506500	39.12046966	35.5	3.620469657
GSM1506495	56.09210074	59.5	3.407899263
GSM1506501	57.45021465	59.5	2.049785348
GSM1506496	60.06100437	58.5	1.561004367
GSM1506502	61.58350561	58.5	3.083505611
GSM1506497	64.46578362	58.5	5.965783622
GSM1506503	61.7514506	57.5	4.251450597
GSM1506420	43.73096868	32.5	11.23096868
GSM1506426	43.35569424	32.5	10.85569424
GSM1506421	39.70211382	32.5	7.20211382
GSM1506427	36.43182267	32.5	3.931822673
GSM1506422	38.56356914	31.5	7.063569137
GSM1506428	36.91961642	31.5	5.419616421
GSM1506423	34.60111343	31.5	3.101113435
GSM1506429	36.85847932	31.5	5.358479318
GSM1506424	30.32252702	31.5	1.177472984
GSM1506430	34.60705172	31.5	3.107051716
GSM1506425	33.00785046	31.5	1.507850465
GSM1506431	32.57545836	31.5	1.075458356
GSM1506456	43.51137384	34.5	9.011373835
GSM1506462	42.15581818	36.5	5.655818178
GSM1506457	39.69453172	35.5	4.194531715
GSM1506463	41.93738574	35.5	6.437385739
GSM1506458	45.52028587	35.5	10.02028587
GSM1506464	39.89304148	35.5	4.393041484
GSM1506459	35.62679472	31.5	4.12679472
GSM1506465	37.22953023	31.5	5.729530231
GSM1506460	34.42888957	31.5	2.928889567
GSM1506466	35.56266995	31.5	4.062669949
GSM1506461	64.15656459	67.5	3.343435413
GSM1506467	66.20819052	67.5	1.291809484
GSM1506384	38.64854546	36.5	2.14854546
GSM1506390	38.80864045	36.5	2.308640449
GSM1506385	42.98679519	36.5	6.486795191
GSM1506391	42.62762724	36.5	6.127627242
GSM1506386	39.70156164	36.5	3.201561642
GSM1506392	36.36133914	36.5	0.138660858
GSM1506387	43.59628154	35.5	8.09628154
GSM1506393	41.85185631	35.5	6.351856309
GSM1506388	35.03864301	35.5	0.46135699
GSM1506394	33.18206475	35.5	2.317935254
GSM1506389	33.84564425	35.5	1.654355745
GSM1506395	37.94277664	35.5	2.442776641
GSM1506444	33.36364044	30.5	2.86364044
GSM1506450	33.62797543	30.5	3.127975434
GSM1506445	64.97327294	68.5	3.526727058
GSM1506451	69.01706205	68.5	0.517062045
GSM1506446	53.76494153	66.5	12.73505847
GSM1506452	64.37009986	66.5	2.129900142
GSM1506447	69.47370454	65.5	3.973704542
GSM1506453	73.5119322	65.5	8.011932205
GSM1506448	69.29291943	64.5	4.79291943
GSM1506454	65.97526303	64.5	1.475263029
GSM1506449	75.9432616	64.5	11.4432616
GSM1506455	60.03374512	64.5	4.46625488
GSM1506372	54.41018875	58.5	4.089811251
GSM1506378	54.70383642	58.5	3.796163581
GSM1506373	59.2293476	57.5	1.729347601
GSM1506379	61.65258133	57.5	4.152581335
GSM1506374	56.41003661	57.5	1.089963392
GSM1506380	69.15676597	58.5	10.65676597
GSM1506375	54.06236362	57.5	3.43763638
GSM1506381	49.48630056	57.5	8.013699438
GSM1506376	53.95628779	57.5	3.543712207
GSM1506382	52.42952601	57.5	5.070473991
GSM1506377	35.28681588	36.5	1.213184119
GSM1506383	35.26787078	36.5	1.232129225
GSM1506408	38.6935247	33.5	5.193524697
GSM1506414	40.53712697	33.5	7.037126973
GSM1506409	38.40683247	33.5	4.906832467
GSM1506415	37.53875293	33.5	4.038752927
GSM1506410	36.10758453	33.5	2.607584526
GSM1506416	37.49813265	32.5	4.998132646
GSM1506411	34.61646022	33.5	1.116460215
GSM1506417	35.38537184	33.5	1.88537184
GSM1506412	34.82067673	32.5	2.320676731
GSM1506418	35.37463875	32.5	2.874638751
GSM1506413	35.12532483	32.5	2.625324831
GSM1506419	38.6319477	32.5	6.131947698
GSM1506396	39.36759625	34.5	4.867596251
GSM1506402	36.08045715	34.5	1.58045715
GSM1506397	37.90665683	34.5	3.406656833
GSM1506403	37.52669837	34.5	3.026698366
GSM1506398	36.43061223	34.5	1.930612227
GSM1506404	35.98298095	34.5	1.482980947
GSM1506399	33.1573284	34.5	1.342671601
GSM1506405	35.00435524	34.5	0.504355242
GSM1506400	31.5814225	34.5	2.918577505
GSM1506406	33.70793291	34.5	0.792067089
GSM1506401	39.22655096	34.5	4.72655096
GSM1506407	36.22050527	34.5	1.720505267
GSM1506432	40.00463154	35.5	4.504631544
GSM1506438	38.48809541	35.5	2.988095408
GSM1506433	33.69513003	30.5	3.195130032
GSM1506439	35.5456235	30.5	5.045623495
GSM1506434	38.44586471	30.5	7.945864705
GSM1506440	35.73727024	30.5	5.23727024
GSM1506435	36.94581692	30.5	6.445816917
GSM1506441	36.15270677	30.5	5.652706774
GSM1506436	35.60556629	30.5	5.105566291
GSM1506442	34.10123234	30.5	3.601232337
GSM1506437	34.29077312	30.5	3.790773116
GSM1506443	33.57326193	30.5	3.07326193
GSM1506576	62.98005178	60.5	2.480051777
GSM1506582	61.28377222	60.5	0.783772222
GSM1506577	39.3807652	32.5	6.880765195
GSM1506583	38.38848764	32.5	5.888487645
GSM1506578	63.76790022	62.5	1.267900218
GSM1506584	63.12151334	62.5	0.621513336
GSM1506579	42.19002003	35.5	6.690020029
GSM1506585	45.10473198	35.5	9.604731982
GSM1506580	59.46676763	60.5	1.033232368
GSM1506586	60.85120897	60.5	0.351208969
GSM1506581	65.57387653	71.5	5.926123471
GSM1506587	69.31699493	71.5	2.183005071
GSM2617038	56.45145334	57.5	1.04854666
GSM2617044	60.21863572	64.5	4.281364283
GSM2617039	44.07263527	49.5	5.42736473
GSM2617045	48.29180911	51.5	3.208190889
GSM2617040	50.54541765	54.5	3.954582347
GSM2617046	60.44233491	56.5	3.942334906
GSM2617041	23.84897905	26.5	2.651020953
GSM2617047	51.90238745	52.5	0.597612545
GSM2617042	47.80052181	52.5	4.699478195
GSM2617048	38.89447225	35.5	3.394472252
GSM2617043	44.9878626	41.5	3.487862598
GSM2617049	43.20034077	38.5	4.700340775
GSM2617050	50.67123882	54.5	3.828761181
GSM2617056	56.16240547	55.5	0.662405473
GSM2617051	26.0510575	26.5	0.448942497
GSM2617057	38.07733404	40.5	2.422665959
GSM2617052	47.56110742	54.5	6.938892577
GSM2617058	54.1103261	55.5	1.389673897
GSM2617053	47.09925827	51.5	4.400741727
GSM2617059	50.18189914	53.5	3.318100861
GSM2617054	36.33470905	31.5	4.834709048
GSM2617060	43.70456949	43.5	0.204569489
GSM2617055	58.18543226	65.5	7.314567745
GSM2617061	59.58919592	67.5	7.91080408
GSM2617062	44.82274531	41.5	3.322745313
GSM2617068	54.25113264	57.5	3.248867362
GSM2617063	69.55354236	50.5	19.05354236
GSM2617069	44.55268858	49.5	4.947311425
GSM2617064	59.44545219	65.5	6.054547815
GSM2617065	54.11515685	53.5	0.615156847
GSM2617070	47.32531701	41.5	5.825317011
GSM2617066	57.31584707	67.5	10.18415293
GSM2617071	48.90161998	54.5	5.598380021
GSM2617067	49.23007957	52.5	3.26992043
GSM2617072	33.31617585	31.5	1.816175848
GSM2617073	54.58091065	51.5	3.080910651
GSM2617079	50.6146841	47.5	3.114684104
GSM2617074	50.02645518	52.5	2.473544823
GSM2617080	51.09562267	53.5	2.404377326
GSM2617075	53.03945462	51.5	1.539454621
GSM2617081	42.55668337	48.5	5.94331663
GSM2617076	47.05759409	49.5	2.442405912
GSM2617082	45.63965945	47.5	1.860340548
GSM2617077	51.24755426	52.5	1.252445744
GSM2617083	48.58126158	41.5	7.081261581
GSM2617078	52.16220402	43.5	8.662204024
GSM2617084	54.46010632	51.5	2.960106323
GSM2617085	37.22996287	35.5	1.729962872
GSM2617091	46.80472877	41.5	5.304728771
GSM2617086	58.78044615	49.5	9.28044615
GSM2617092	48.61999032	57.5	8.880009677
GSM2617087	41.60060822	48.5	6.89939178
GSM2617093	49.66861035	43.5	6.16861035
GSM2617088	41.47579187	48.5	7.024208133
GSM2617094	51.58155842	57.5	5.91844158
GSM2617089	30.60642689	31.5	0.893573115
GSM2617095	30.15739411	33.5	3.342605886
GSM2617090	58.01429445	49.5	8.514294451
GSM2617096	37.56941066	34.5	3.069410662
GSM2617097	36.96924617	35.5	1.469246165
GSM2617107	48.33861894	48.5	0.16138106
GSM2617098	59.44075587	56.5	2.940755874
GSM2617108	36.65966903	26.5	10.15966903
GSM2617100	39.30237511	35.5	3.802375105
GSM2617109	42.50649202	48.5	5.993507976
GSM2617101	50.8536486	41.5	9.353648596
GSM2617110	44.1644541	43.5	0.6644541
GSM2617103	62.19901007	69.5	7.300989926
GSM2617111	53.24939809	46.5	6.749398088
GSM2617105	45.10957811	38.5	6.60957811
GSM2617112	35.44278396	37.5	2.057216038
GSM2786034	64.03181044	73.5	9.468189562
GSM2786060	61.04032796	69.5	8.459672043
GSM2786006	56.98232661	52.5	4.482326612
GSM2785994	44.95396167	55.5	10.54603833
GSM2785983	43.08135253	47.5	4.418647469
GSM2786000	55.60264815	64.5	8.897351848
GSM2786015	67.14759058	72.5	5.352409421
GSM2785965	34.87601863	48.5	13.62398137
GSM2786005	60.47646676	61.5	1.023533242
GSM2786009	51.95629439	55.5	3.543705613
GSM2785997	47.0826566	52.5	5.417343398
GSM2786013	56.43757187	67.5	11.06242813
GSM2785972	54.94289247	66.5	11.55710753
GSM2785985	59.07578031	55.5	3.575780306
GSM2786007	49.70169022	62.5	12.79830978
GSM2786029	61.42893746	63.5	2.071062535
GSM2786017	53.41739749	62.5	9.082602512
GSM2785986	46.56121254	68.5	21.93878746
GSM2785984	61.16956104	74.5	13.33043896
GSM2786008	76.19635643	73.5	2.696356432
GSM2785990	57.1211576	63.5	6.378842403
GSM2785999	59.38359949	64.5	5.116400506
GSM2785968	59.40995884	77.5	18.09004116
GSM2785973	65.53976266	65.5	0.039762663
GSM2785996	58.60542213	71.5	12.89457787
GSM2785971	55.10836744	68.5	13.39163256
GSM2786004	73.55143775	75.5	1.948562248
GSM2785978	61.3249961	63.5	2.1750039
GSM2786059	39.72639918	76.5	36.77360082
GSM2785992	39.35442205	48.5	9.145577953
GSM2786023	54.79251325	60.5	5.707486751
GSM2786057	49.65571432	61.5	11.84428568
GSM2785987	45.96291087	62.5	16.53708913
GSM2786003	55.45529393	61.5	6.044706066
GSM2786001	55.23106788	57.5	2.268932117
GSM2785980	59.87302904	62.5	2.626970956
GSM2785993	48.25522172	54.5	6.24477828
GSM2786010	39.21479036	47.5	8.285209643
GSM2785981	63.27472163	72.5	9.22527837
GSM2785974	55.33785138	58.5	3.162148625
GSM2786011	63.8417156	72.5	8.658284403
GSM2786002	66.61114155	71.5	4.88885845
GSM2786025	43.80219374	47.5	3.697806265
GSM2785982	50.35961726	56.5	6.140382738
GSM2785995	58.38412668	77.5	19.11587332
GSM2785979	51.86685532	52.5	0.633144683
GSM2785991	21.61728641	27.5	5.882713593
GSM2786021	60.44543853	73.5	13.05456147
GSM2785970	45.00398115	53.5	8.496018854
GSM2785989	56.81649875	75.5	18.68350125
GSM2785975	56.77543819	71.5	14.72456181
GSM2785969	62.15693513	71.5	9.343064872
GSM2785998	56.23785785	63.5	7.262142149
GSM2786014	59.90522045	63.5	3.594779545
GSM2785964	19.64340087	27.5	7.85659913
GSM2785966	45.44055287	56.5	11.05944713
GSM2786027	60.34282461	64.5	4.15717539
GSM2786062	64.45624727	73.5	9.043752731
GSM2785988	58.32614598	70.5	12.17385402
GSM2785977	62.46357918	75.5	13.03642082
GSM2786012	50.1248438	54.5	4.3751562
GSM2786026	67.56860437	77.5	9.931395632
GSM2785967	44.27131867	55.5	11.22868133
GSM2786016	63.87401062	75.5	11.62598938
GSM2785976	58.73410232	59.5	0.765897678
GSM2648868	75.43664182	76.5	1.063358177
GSM2648869	57.30030035	57.5	0.199699652
GSM2648870	50.47283062	49.5	0.972830623
GSM2648871	59.89881462	67.5	7.601185384
GSM2648866	73.16635215	82.5	9.333647854
GSM2648872	70.63055025	69.5	1.130550251
GSM2648867	73.26494398	71.5	1.764943985
GSM2648873	65.79862206	62.5	3.298622056
GSM2648876	59.31358761	60.5	1.18641239
GSM2648877	58.05718448	56.5	1.557184482
GSM2648878	60.04633919	59.5	0.546339185
GSM2648879	67.3445477	60.5	6.844547703
GSM2648874	54.95800693	59.5	4.541993073
GSM2648880	60.068681	58.5	1.568680998
GSM2648875	58.2989133	62.5	4.2010867
GSM2648881	59.68281135	59.5	0.182811353
GSM2091639	65.11561924	57.4	7.715619241
GSM2091642	68.22825401	63.7	4.528254007
GSM2091645	67.3391702	66.5	0.839170198
GSM2091629	52.76454005	49.3	3.46454005
GSM2091635	63.23931518	63.5	0.260684816
GSM2091654	47.62322886	44.7	2.923228861
GSM2091632	45.73385177	53.2	7.466148233
GSM2091625	60.81728796	57.5	3.317287956
GSM2091624	67.63453534	70.8	3.165464664
GSM2091623	48.35779571	44.7	3.657795708
GSM2091646	49.23107388	54.7	5.46892612
GSM2091640	42.32735327	43.9	1.572646725
GSM2091653	65.72565112	68.9	3.174348876
GSM2091655	67.08872784	66.8	0.288727839
GSM2091644	53.54344633	53.5	0.043446328
GSM2091638	45.03992344	54.5	9.460076562
GSM2091643	46.50657244	45.3	1.206572444
GSM2091636	55.83598827	58.4	2.564011733
GSM2091651	55.23326071	52.2	3.033260712
GSM2091652	51.88872397	57.2	5.311276028
GSM2091637	63.70398024	70.4	6.696019756
GSM2091631	50.14501182	46.9	3.245011824
GSM2091648	67.7406371	69.6	1.859362903
GSM2091627	62.53099078	62.1	0.430990779
GSM2091634	66.43085647	68.8	2.369143529
GSM2091622	45.13963231	49.1	3.960367689
GSM2091641	61.60066232	64.5	2.899337681
GSM2091628	54.93403695	60.7	5.765963051
GSM2091630	65.20891038	69.5	4.291089622
GSM2091647	72.47685616	70.7	1.776856158
GSM2091650	57.43780804	63.8	6.362191959
GSM2091626	43.22174567	43.2	0.021745674
GSM2091649	45.77546076	47.1	1.324539243
GSM2091633	45.61596373	43.6	2.01596373
GSM2877334	19.97154865	20.5	0.528451351
GSM2877335	24.56480771	24.5	0.064807707
GSM2877336	23.79974741	18.5	5.299747414
GSM2877337	31.98489503	24.5	7.484895033
GSM2877338	17.74587641	21.5	3.754123587
GSM2877339	27.60648979	28.5	0.893510205
GSM2877340	24.86624495	20.5	4.366244953
GSM2877341	29.92675164	28.5	1.426751638
GSM2877342	21.70786074	23.5	1.792139256
GSM2877343	24.27649965	26.5	2.223500347
GSM2877344	17.82393564	29.5	11.67606436
GSM2877345	33.25770035	27.5	5.757700348
GSM2334788	52.91900048	60.5	7.580999525
GSM3080999	33.69314658	27.5	6.193146582
GSM3081000	25.39659781	26.5	1.10340219
GSM3081001	33.75476521	26.5	7.254765215
GSM3080996	31.92557536	26.5	5.42557536
GSM3080997	31.54334177	25.5	6.043341774
GSM3080998	29.0671105	22.5	6.567110502
